0 541
0 836
0 859
0 942
0 969
0 970
0 977
0 983
0 993
0 996
1 105
1 227
1 478
1 480
1 610
1 913
1 928
1 936
1 953
1 961
2 202
2 547
2 730
2 854
2 890
2 907
2 975
2 980
2 992
2 994
3 583
3 860
3 909
3 921
3 942
3 961
3 969
3 982
3 983
3 993
4 243
4 405
4 520
4 540
4 720
4 759
4 778
4 893
4 913
4 922
5 71
5 75
5 467
5 558
5 756
5 788
5 800
5 952
5 973
5 990
6 400
6 818
6 882
6 899
6 911
6 975
6 976
6 979
6 984
6 994
7 69
7 326
7 414
7 447
7 572
7 762
7 802
7 856
7 886
7 936
8 533
8 539
8 581
8 724
8 739
8 836
8 951
8 959
8 981
8 985
9 80
9 488
9 793
9 797
9 859
9 880
9 914
9 958
9 983
9 989
10 202
10 273
10 616
10 621
10 682
10 684
10 816
10 830
10 884
10 887
11 386
11 613
11 713
11 754
11 800
11 816
11 833
11 897
11 969
11 998
12 275
12 395
12 854
12 903
12 907
12 926
12 941
12 979
12 985
12 989
13 81
13 320
13 576
13 712
13 800
13 882
13 900
13 976
13 979
13 984
14 79
14 252
14 350
14 433
14 453
14 533
14 669
14 968
14 969
14 989
15 200
15 500
15 765
15 820
15 830
15 874
15 918
15 926
15 959
15 989
16 207
16 602
16 629
16 768
16 909
16 924
16 939
16 940
16 958
16 982
17 204
17 319
17 402
17 564
17 614
17 640
17 925
17 951
17 985
17 997
18 452
18 642
18 810
18 845
18 915
18 943
18 989
18 992
18 994
18 997
19 84
19 404
19 673
19 800
19 817
19 823
19 894
19 973
19 976
19 998
20 60
20 573
20 725
20 843
20 844
20 874
20 913
20 928
20 955
20 964
21 26
21 387
21 739
21 818
21 882
21 897
21 927
21 950
21 979
21 984
22 468
22 673
22 790
22 821
22 881
22 894
22 943
22 964
22 998
22 999
23 225
23 241
23 726
23 760
23 884
23 950
23 966
23 976
23 979
23 984
24 470
24 499
24 784
24 831
24 843
24 853
24 895
24 930
24 981
24 997
25 57
25 244
25 346
25 588
25 802
25 855
25 863
25 886
25 918
25 982
26 36
26 440
26 541
26 743
26 815
26 847
26 940
26 987
26 996
27 523
27 545
27 822
27 934
27 951
27 957
27 959
27 975
27 985
27 997
28 146
28 236
28 239
28 790
28 819
28 899
28 937
28 950
28 976
28 979
29 238
29 479
29 785
29 798
29 803
29 847
29 879
29 916
29 944
29 987
30 459
30 539
30 709
30 806
30 887
30 925
30 956
30 958
30 964
30 974
31 106
31 530
31 574
31 734
31 787
31 795
31 893
31 946
31 955
31 969
32 717
32 814
32 833
32 859
32 862
32 922
32 958
32 968
32 988
32 996
33 95
33 196
33 293
33 442
33 589
33 768
33 820
33 868
33 907
33 960
34 207
34 347
34 445
34 780
34 828
34 846
34 853
34 904
34 930
34 934
35 120
35 578
35 660
35 704
35 725
35 732
35 913
35 930
35 944
35 975
36 188
36 473
36 537
36 657
36 721
36 870
36 949
36 958
36 978
37 81
37 543
37 661
37 663
37 744
37 856
37 861
37 913
37 962
37 963
38 156
38 190
38 460
38 665
38 897
38 900
38 914
38 959
38 973
38 998
39 347
39 630
39 773
39 811
39 866
39 887
39 919
39 925
39 942
39 964
40 624
40 625
40 734
40 789
40 833
40 968
40 969
40 971
40 979
40 988
41 190
41 449
41 637
41 672
41 916
41 922
41 944
41 955
41 958
41 975
42 373
42 710
42 718
42 812
42 870
42 897
42 938
42 957
42 959
42 960
43 520
43 755
43 780
43 880
43 901
43 961
43 970
43 977
43 980
43 993
44 125
44 464
44 693
44 741
44 793
44 898
44 925
44 964
44 974
44 991
45 303
45 468
45 740
45 786
45 942
45 958
45 961
45 983
45 991
45 993
46 231
46 322
46 400
46 753
46 858
46 884
46 915
46 920
46 960
46 992
47 411
47 418
47 614
47 961
47 969
47 973
47 980
47 982
47 983
47 998
48 339
48 350
48 374
48 400
48 626
48 711
48 842
48 846
48 865
48 963
49 522
49 631
49 688
49 813
49 845
49 896
49 960
49 966
49 992
49 994
50 270
50 543
50 556
50 702
50 814
50 823
50 846
50 856
50 875
50 962
51 273
51 315
51 645
51 670
51 695
51 745
51 896
51 941
51 966
51 992
52 190
52 491
52 573
52 709
52 725
52 795
52 813
52 944
52 948
52 972
53 248
53 554
53 652
53 750
53 816
53 842
53 861
53 932
53 936
53 962
54 259
54 338
54 416
54 514
54 601
54 680
54 751
54 865
54 906
54 949
55 150
55 580
55 733
55 780
55 827
55 833
55 886
55 918
55 932
55 954
56 187
56 320
56 916
56 960
56 966
56 979
56 987
56 991
56 992
56 994
57 305
57 552
57 677
57 811
57 909
57 918
57 983
57 990
57 997
58 93
58 259
58 264
58 368
58 886
58 912
58 951
58 953
58 978
58 987
59 133
59 439
59 644
59 660
59 897
59 909
59 924
59 945
59 951
59 990
60 302
60 723
60 820
60 830
60 834
60 888
60 896
60 919
60 989
61 672
61 705
61 711
61 774
61 922
61 928
61 935
61 944
61 956
61 992
62 244
62 752
62 765
62 833
62 904
62 917
62 931
62 948
62 971
62 996
63 476
63 528
63 576
63 645
63 839
63 845
63 956
63 962
63 963
63 977
64 82
64 187
64 310
64 372
64 578
64 722
64 746
64 913
64 928
64 955
65 438
65 550
65 581
65 668
65 835
65 839
65 871
65 884
65 962
65 977
66 194
66 250
66 341
66 555
66 574
66 600
66 767
66 796
66 971
66 990
67 154
67 668
67 750
67 754
67 842
67 936
67 937
67 963
67 968
67 977
68 645
68 663
68 668
68 738
68 927
68 941
68 968
68 991
68 992
68 994
69 135
69 255
69 591
69 628
69 675
69 833
69 835
69 842
69 977
70 260
70 437
70 516
70 551
70 593
70 624
70 819
70 841
70 851
70 908
71 245
71 391
71 414
71 478
71 532
71 644
71 788
71 914
71 973
72 320
72 697
72 721
72 792
72 891
72 892
72 956
72 965
72 974
72 987
73 124
73 165
73 239
73 472
73 555
73 618
73 682
73 697
73 859
73 926
74 154
74 199
74 241
74 385
74 550
74 963
74 988
74 994
74 996
74 999
75 532
75 852
75 853
75 894
75 907
75 913
75 955
75 973
75 998
76 323
76 350
76 508
76 805
76 832
76 917
76 932
76 995
76 996
76 999
77 79
77 410
77 434
77 468
77 687
77 695
77 743
77 885
77 973
77 998
78 378
78 562
78 613
78 623
78 771
78 781
78 828
78 924
78 954
78 982
79 391
79 533
79 669
79 682
79 834
79 860
79 898
79 903
80 232
80 277
80 585
80 828
80 969
80 979
80 980
80 983
80 993
81 154
81 416
81 421
81 588
81 778
81 798
81 857
81 998
82 805
82 882
82 890
82 895
82 922
82 967
82 986
82 995
82 999
83 163
83 164
83 493
83 551
83 584
83 680
83 894
83 922
83 935
83 944
84 143
84 205
84 279
84 788
84 884
84 915
84 940
84 978
84 987
85 160
85 445
85 476
85 543
85 547
85 732
85 936
85 962
85 977
85 996
86 156
86 352
86 476
86 654
86 714
86 763
86 865
86 883
86 912
86 956
87 433
87 619
87 729
87 735
87 777
87 827
87 863
87 954
87 982
87 990
88 243
88 394
88 763
88 865
88 920
88 949
88 953
88 987
88 991
88 993
89 308
89 562
89 666
89 709
89 781
89 868
89 918
89 954
89 982
89 986
90 132
90 298
90 300
90 608
90 961
90 969
90 970
90 972
90 977
90 983
91 572
91 592
91 761
91 824
91 831
91 861
91 929
91 949
91 981
91 990
92 240
92 388
92 556
92 614
92 781
92 837
92 886
92 962
92 982
92 990
93 274
93 284
93 385
93 535
93 681
93 785
93 878
93 951
93 978
94 403
94 668
94 670
94 740
94 836
94 891
94 892
94 919
94 923
94 965
95 202
95 238
95 307
95 456
95 682
95 780
95 854
95 867
95 881
96 356
96 388
96 430
96 492
96 678
96 796
96 816
96 954
96 979
96 990
97 454
97 511
97 522
97 611
97 717
97 876
97 976
97 979
97 984
97 996
98 765
98 797
98 875
98 922
98 961
98 969
98 970
98 980
98 989
98 996
99 426
99 487
99 597
99 643
99 690
99 928
99 933
99 947
99 957
99 985
100 400
100 463
100 471
100 915
100 966
100 979
100 987
100 992
100 994
100 997
101 269
101 669
101 696
101 863
101 914
101 923
101 971
101 986
101 988
101 996
102 212
102 561
102 695
102 798
102 822
102 858
102 879
102 943
102 988
102 994
103 144
103 172
103 520
103 820
103 867
103 904
103 908
103 911
103 975
103 984
104 116
104 209
104 367
104 591
104 658
104 701
104 962
104 977
104 992
104 994
105 379
105 418
105 573
105 636
105 706
105 718
105 741
105 864
105 944
106 156
106 725
106 864
106 877
106 886
106 928
106 938
106 955
106 984
107 154
107 876
107 892
107 898
107 908
107 919
107 925
107 964
107 976
107 988
108 139
108 270
108 724
108 750
108 846
108 872
108 919
108 920
108 963
108 990
109 609
109 615
109 739
109 810
109 837
109 927
109 981
109 991
109 992
109 994
110 589
110 635
110 657
110 714
110 820
110 847
110 863
110 913
110 940
110 946
111 848
111 860
111 880
111 899
111 920
111 942
111 949
111 960
111 961
111 972
111 993
112 309
112 479
112 788
112 833
112 891
112 902
112 921
112 945
112 995
112 998
112 999
113 141
113 158
113 326
113 341
113 393
113 406
113 612
113 675
113 885
113 901
113 963
114 398
114 489
114 631
114 783
114 887
114 898
114 933
114 956
114 959
114 964
114 965
115 183
115 261
115 696
115 712
115 791
115 933
115 947
115 967
115 968
115 988
115 996
116 303
116 718
116 719
116 896
116 905
116 941
116 960
116 983
116 991
116 992
117 298
117 508
117 725
117 753
117 873
117 877
117 893
117 913
117 922
117 944
117 952
118 376
118 859
118 874
118 908
118 937
118 961
118 969
118 970
118 980
118 983
118 993
119 537
119 753
119 859
119 927
119 931
119 943
119 961
119 970
119 972
119 980
119 983
120 148
120 535
120 791
120 814
120 864
120 921
120 968
120 991
120 995
120 996
121 180
121 389
121 515
121 643
121 674
121 687
121 787
121 923
121 956
121 965
121 974
122 571
122 724
122 770
122 792
122 804
122 808
122 837
122 911
122 938
122 985
122 997
123 247
123 462
123 606
123 643
123 687
123 777
123 779
123 938
123 957
123 985
123 997
124 390
124 459
124 521
124 576
124 712
124 775
124 868
124 926
124 937
124 999
125 479
125 779
125 804
125 822
125 957
125 959
125 983
125 985
125 990
125 997
126 254
126 588
126 694
126 764
126 800
126 821
126 824
126 881
126 917
126 986
126 998
127 179
127 531
127 549
127 705
127 762
127 767
127 871
127 909
127 924
127 954
127 982
128 543
128 695
128 727
128 778
128 841
128 851
128 857
128 897
128 941
128 973
128 980
129 550
129 699
129 857
129 876
129 891
129 921
129 925
129 956
129 964
129 974
129 983
130 274
130 589
130 698
130 797
130 831
130 839
130 847
130 906
130 934
130 965
130 987
131 536
131 655
131 725
131 801
131 807
131 856
131 967
131 986
131 995
131 996
131 999
132 221
132 357
132 562
132 689
132 693
132 767
132 781
132 954
132 974
132 982
133 139
133 552
133 617
133 827
133 832
133 866
133 954
133 971
133 982
133 990
134 402
134 414
134 740
134 748
134 850
134 881
134 907
134 942
134 969
134 970
134 983
135 259
135 687
135 758
135 847
135 865
135 938
135 940
135 946
135 978
135 987
136 188
136 320
136 360
136 428
136 430
136 438
136 693
136 927
136 930
136 960
136 966
137 142
137 433
137 483
137 621
137 639
137 667
137 809
137 858
137 869
137 890
137 989
138 541
138 550
138 632
138 827
138 866
138 881
138 909
138 924
138 958
138 972
138 990
139 577
139 583
139 606
139 835
139 839
139 936
139 951
139 962
139 977
140 338
140 606
140 643
140 731
140 761
140 831
140 906
140 923
140 975
140 978
140 981
141 566
141 685
141 782
141 827
141 855
141 908
141 936
141 970
141 982
141 990
142 416
142 469
142 500
142 611
142 653
142 869
142 874
142 898
142 927
142 950
143 259
143 386
143 798
143 815
143 840
143 880
143 912
143 938
143 946
143 989
144 160
144 251
144 271
144 518
144 841
144 905
144 908
144 970
144 981
144 998
145 421
145 425
145 488
145 578
145 579
145 809
145 849
145 877
145 916
145 944
145 955
146 494
146 511
146 831
146 857
146 873
146 910
146 942
146 952
146 975
146 981
147 246
147 427
147 445
147 619
147 623
147 630
147 887
147 892
147 923
147 964
147 974
148 237
148 707
148 724
148 889
148 911
148 917
148 951
148 959
148 975
148 985
149 282
149 584
149 754
149 802
149 810
149 861
149 925
149 936
149 937
149 963
149 977
150 397
150 438
150 494
150 688
150 756
150 812
150 835
150 839
150 846
150 957
151 280
151 443
151 565
151 711
151 734
151 858
151 875
151 917
151 941
151 960
151 992
152 406
152 581
152 777
152 800
152 804
152 815
152 911
152 951
152 954
152 959
152 997
153 648
153 692
153 726
153 727
153 854
153 873
153 945
153 967
153 968
153 971
153 996
154 415
154 644
154 690
154 694
154 821
154 881
154 973
155 247
155 712
155 822
155 838
155 874
155 884
155 894
155 907
155 967
155 980
155 989
156 626
156 694
156 778
156 788
156 857
156 910
156 914
156 973
157 165
157 461
157 795
157 872
157 877
157 893
157 913
157 916
157 922
157 960
157 965
158 216
158 259
158 271
158 404
158 584
158 669
158 689
158 856
158 937
158 972
159 500
159 574
159 716
159 816
159 823
159 834
159 838
159 854
159 878
159 989
159 996
160 310
160 465
160 830
160 834
160 837
160 843
160 890
160 903
160 999
161 606
161 712
161 798
161 825
161 852
161 899
161 920
161 946
161 953
161 978
161 987
162 199
162 402
162 481
162 653
162 738
162 764
162 895
162 920
162 940
162 946
162 978
163 308
163 491
163 551
163 633
163 720
163 845
163 935
163 939
163 944
163 997
164 325
164 366
164 758
164 773
164 799
164 843
164 930
164 952
164 981
164 989
165 169
165 321
165 616
165 830
165 834
165 837
165 884
165 888
165 998
166 221
166 267
166 483
166 487
166 555
166 686
166 752
166 981
166 982
166 988
166 990
167 206
167 233
167 492
167 790
167 791
167 834
167 942
167 958
167 969
167 972
167 993
168 184
168 398
168 464
168 563
168 715
168 728
168 777
168 921
168 932
168 986
168 999
169 215
169 443
169 498
169 520
169 605
169 659
169 743
169 766
169 929
169 938
170 259
170 428
170 503
170 680
170 722
170 870
170 879
170 927
170 991
170 992
170 994
171 484
171 496
171 535
171 556
171 789
171 842
171 865
171 962
171 963
171 975
171 977
172 174
172 241
172 253
172 258
172 459
172 834
172 883
172 888
172 900
172 989
173 505
173 655
173 756
173 758
173 820
173 874
173 888
173 903
173 907
173 940
173 992
174 239
174 545
174 887
174 891
174 922
174 923
174 964
174 965
174 974
174 975
175 193
175 563
175 580
175 604
175 666
175 731
175 841
175 886
175 918
175 954
175 962
176 282
176 485
176 499
176 749
176 851
176 858
176 896
176 953
176 963
176 991
176 994
177 248
177 499
177 531
177 627
177 743
177 828
177 843
177 865
177 873
177 910
177 981
178 234
178 503
178 547
178 688
178 697
178 742
178 820
178 854
178 884
178 903
178 910
179 383
179 525
179 620
179 785
179 847
179 899
179 946
179 978
179 985
179 987
180 265
180 351
180 493
180 515
180 684
180 828
180 841
180 929
180 944
180 975
181 266
181 635
181 756
181 776
181 780
181 836
181 924
181 933
181 986
181 995
181 996
182 210
182 273
182 546
182 686
182 770
182 854
182 911
182 955
182 959
182 990
182 997
183 709
183 727
183 778
183 781
183 800
183 897
183 963
183 973
183 980
183 998
184 255
184 284
184 334
184 597
184 619
184 682
184 840
184 865
184 940
184 946
185 546
185 658
185 753
185 760
185 795
185 885
185 900
185 944
185 950
185 976
185 984
186 539
186 572
186 604
186 652
186 815
186 839
186 912
186 919
186 940
186 949
186 978
187 202
187 432
187 659
187 684
187 686
187 795
187 913
187 944
187 955
188 205
188 416
188 603
188 761
188 763
188 785
188 801
188 865
188 987
189 633
189 717
189 749
189 846
189 915
189 918
189 941
189 943
189 985
189 992
189 994
190 522
190 735
190 877
190 913
190 924
190 944
190 953
190 955
191 234
191 363
191 481
191 522
191 524
191 702
191 758
191 843
191 896
191 930
191 981
192 320
192 485
192 510
192 637
192 830
192 927
192 941
192 966
192 989
192 991
192 999
193 369
193 441
193 660
193 752
193 768
193 774
193 863
193 866
193 939
193 982
194 669
194 767
194 866
194 918
194 939
194 961
194 964
194 968
194 982
194 990
195 314
195 517
195 642
195 693
195 713
195 789
195 900
195 950
195 976
195 979
195 984
196 747
196 809
196 820
196 826
196 838
196 855
196 856
196 904
196 926
196 949
197 357
197 652
197 654
197 803
197 852
197 865
197 910
197 946
197 975
197 978
197 987
198 212
198 372
198 387
198 453
198 667
198 777
198 825
198 838
198 874
198 926
198 974
199 310
199 638
199 694
199 862
199 921
199 968
199 971
199 988
199 992
200 283
200 811
200 881
200 891
200 892
200 919
200 923
200 956
200 964
200 983
201 300
201 374
201 452
201 630
201 802
201 879
201 936
201 962
201 963
201 977
201 989
202 391
202 697
202 712
202 792
202 793
202 811
202 830
203 312
203 373
203 760
203 794
203 899
203 900
203 915
203 950
203 976
203 979
203 984
204 370
204 509
204 539
204 693
204 706
204 882
204 895
204 901
204 985
204 994
205 536
205 544
205 565
205 649
205 763
205 815
205 873
205 987
205 993
206 227
206 361
206 657
206 667
206 774
206 840
206 920
206 953
206 978
206 987
207 557
207 563
207 718
207 733
207 768
207 774
207 939
207 944
207 969
208 276
208 305
208 484
208 702
208 776
208 785
208 798
208 825
208 949
208 953
208 960
209 210
209 352
209 403
209 626
209 637
209 701
209 710
209 810
209 936
209 962
209 977
210 224
210 428
210 451
210 742
210 822
210 951
210 957
210 978
210 985
210 997
211 294
211 366
211 546
211 740
211 763
211 921
211 958
211 972
211 980
211 983
211 993
211 997
212 530
212 636
212 734
212 836
212 879
212 932
212 948
212 991
212 992
212 994
213 260
213 709
213 712
213 744
213 809
213 820
213 854
213 869
213 876
213 923
213 989
213 996
214 452
214 532
214 561
214 594
214 788
214 817
214 833
214 881
214 902
214 952
214 973
214 998
215 242
215 251
215 433
215 507
215 667
215 757
215 831
215 934
215 952
215 969
215 998
216 461
216 626
216 658
216 706
216 793
216 856
216 890
216 962
216 963
216 977
216 998
217 285
217 378
217 633
217 670
217 855
217 889
217 911
217 938
217 959
217 974
217 992
217 997
218 378
218 648
218 776
218 805
218 828
218 830
218 837
218 868
218 878
218 890
218 903
218 946
219 359
219 451
219 484
219 504
219 761
219 822
219 827
219 914
219 951
219 957
219 959
219 985
220 239
220 359
220 433
220 545
220 554
220 598
220 801
220 809
220 869
220 884
220 926
220 948
221 488
221 568
221 590
221 593
221 813
221 866
221 939
221 954
221 956
221 982
222 437
222 635
222 746
222 755
222 873
222 928
222 936
222 945
222 971
222 995
222 996
222 999
223 369
223 476
223 542
223 653
223 755
223 873
223 898
223 931
223 948
223 987
223 988
223 999
224 320
224 461
224 471
224 615
224 709
224 719
224 744
224 915
224 929
224 942
224 960
225 318
225 551
225 664
225 688
225 802
225 839
225 846
225 936
225 948
225 962
225 977
226 412
226 422
226 487
226 646
226 748
226 788
226 852
226 894
226 972
226 973
226 976
226 998
227 713
227 717
227 866
227 937
227 950
227 958
227 975
227 976
227 979
227 984
228 386
228 596
228 611
228 663
228 788
228 821
228 852
228 914
228 943
228 973
228 980
228 998
229 355
229 404
229 409
229 553
229 628
229 650
229 756
229 832
229 857
229 875
229 897
229 972
230 249
230 293
230 512
230 704
230 718
230 728
230 844
230 858
230 864
230 935
230 944
230 983
231 269
231 529
231 826
231 898
231 902
231 917
231 967
231 979
231 995
231 996
231 999
232 653
232 751
232 853
232 867
232 885
232 905
232 908
232 929
232 930
232 948
232 975
233 423
233 770
233 885
233 942
233 944
233 958
233 961
233 970
233 972
233 975
233 993
234 362
234 416
234 655
234 740
234 747
234 834
234 838
234 876
234 936
234 989
235 540
235 608
235 762
235 845
235 846
235 882
235 884
235 899
235 950
235 976
235 979
235 984
236 317
236 331
236 582
236 745
236 885
236 900
236 959
236 976
236 979
236 984
236 999
237 293
237 573
237 589
237 603
237 659
237 873
237 904
237 908
237 912
237 934
237 975
238 379
238 483
238 741
238 795
238 877
238 916
238 918
238 935
238 955
238 965
239 448
239 729
239 847
239 878
239 888
239 903
239 943
239 989
240 344
240 638
240 673
240 719
240 728
240 776
240 889
240 967
240 968
240 986
240 995
241 500
241 552
241 769
241 797
241 838
241 874
241 925
241 926
241 989
242 484
242 507
242 540
242 675
242 782
242 788
242 807
242 867
242 873
242 934
242 981
243 376
243 432
243 489
243 512
243 848
243 891
243 928
243 935
243 944
243 955
244 417
244 470
244 808
244 823
244 838
244 839
244 853
244 929
244 934
244 981
245 506
245 594
245 690
245 708
245 772
245 850
245 914
245 949
245 973
245 997
245 998
246 347
246 421
246 605
246 813
246 933
246 934
246 952
246 955
246 975
246 981
246 999
247 310
247 395
247 455
247 530
247 570
247 789
247 820
247 855
247 989
247 993
248 476
248 606
248 794
248 803
248 807
248 828
248 851
248 898
248 904
248 981
249 286
249 412
249 501
249 565
249 623
249 657
249 698
249 700
249 714
249 834
249 987
250 635
250 762
250 818
250 885
250 900
250 903
250 915
250 950
250 976
250 979
250 984
251 634
251 718
251 737
251 758
251 804
251 876
251 905
251 934
251 948
251 952
252 342
252 500
252 547
252 678
252 730
252 747
252 806
252 816
252 875
252 888
252 911
253 448
253 456
253 459
253 500
253 578
253 616
253 841
253 874
253 903
253 933
253 990
254 303
254 319
254 345
254 494
254 507
254 656
254 754
254 799
254 831
254 931
254 952
255 541
255 752
255 782
255 895
255 909
255 924
255 939
255 952
255 962
255 990
256 505
256 556
256 597
256 664
256 689
256 736
256 830
256 861
256 962
256 963
256 968
256 977
257 395
257 630
257 797
257 820
257 859
257 903
257 916
257 958
257 961
257 970
257 972
257 980
258 575
258 645
258 707
258 709
258 730
258 869
258 897
258 907
258 926
258 942
258 968
259 328
259 741
259 861
259 865
259 912
259 978
260 519
260 702
260 794
260 807
260 843
260 861
260 929
260 952
260 975
260 999
261 455
261 506
261 896
261 898
261 915
261 953
261 960
261 966
261 991
261 992
261 994
262 351
262 436
262 674
262 757
262 780
262 797
262 829
262 913
262 969
262 983
262 985
262 993
263 342
263 424
263 440
263 678
263 698
263 798
263 803
263 865
263 909
263 912
263 977
263 994
264 435
264 542
264 621
264 756
264 790
264 794
264 828
264 905
264 934
264 952
264 975
265 611
265 676
265 720
265 917
265 948
265 967
265 971
265 989
265 995
265 996
265 999
266 412
266 787
266 789
266 792
266 811
266 876
266 898
266 901
266 920
266 923
266 965
266 974
267 354
267 483
267 615
267 744
267 784
267 810
267 836
267 863
267 941
267 960
267 971
267 991
268 343
268 460
268 643
268 838
268 849
268 911
268 938
268 947
268 959
268 965
268 984
268 985
268 997
269 308
269 327
269 623
269 634
269 715
269 720
269 789
269 895
269 914
269 986
269 988
270 314
270 492
270 496
270 686
270 723
270 839
270 872
270 936
270 962
270 977
270 993
271 306
271 628
271 690
271 764
271 817
271 852
271 894
271 925
271 973
271 990
271 998
272 405
272 482
272 838
272 847
272 917
272 933
272 948
272 957
272 971
272 986
272 992
272 995
272 999
273 431
273 564
273 682
273 779
273 889
273 901
273 918
273 938
273 951
273 997
274 487
274 592
274 679
274 765
274 798
274 906
274 912
274 917
274 972
274 978
274 987
275 276
275 601
275 741
275 745
275 871
275 898
275 923
275 925
275 945
275 964
275 965
275 999
276 387
276 586
276 827
276 855
276 857
276 863
276 909
276 918
276 939
276 954
276 982
277 335
277 516
277 628
277 681
277 727
277 788
277 817
277 881
277 888
277 894
277 968
277 998
278 365
278 417
278 543
278 634
278 650
278 852
278 858
278 911
278 917
278 931
278 968
278 986
278 999
279 343
279 424
279 623
279 798
279 803
279 847
279 887
279 897
279 912
279 921
279 936
279 945
280 467
280 630
280 793
280 806
280 869
280 876
280 877
280 892
280 922
280 964
280 965
280 974
281 440
281 445
281 572
281 694
281 784
281 785
281 802
281 830
281 906
281 942
281 949
281 953
281 978
282 538
282 658
282 675
282 701
282 714
282 856
282 933
282 962
282 963
282 977
282 978
283 441
283 655
283 757
283 790
283 850
283 887
283 931
283 946
283 961
283 969
283 970
283 983
284 481
284 599
284 652
284 665
284 798
284 863
284 906
284 920
284 940
284 953
284 960
285 375
285 451
285 546
285 622
285 830
285 912
285 940
285 947
285 967
285 985
285 996
285 997
286 670
286 681
286 707
286 729
286 774
286 891
286 906
286 913
286 920
286 927
286 949
286 987
287 738
287 834
287 869
287 910
287 921
287 931
287 932
287 967
287 968
287 971
287 977
287 986
287 996
288 700
288 724
288 741
288 855
288 870
288 874
288 927
288 943
288 960
288 990
288 991
288 992
288 994
289 323
289 326
289 461
289 736
289 739
289 885
289 893
289 937
289 965
289 971
289 976
289 979
289 984
290 409
290 444
290 491
290 609
290 677
290 720
290 725
290 807
290 844
290 897
290 922
290 928
290 955
291 370
291 478
291 483
291 578
291 673
291 742
291 744
291 877
291 893
291 911
291 935
291 955
291 975
292 364
292 369
292 390
292 570
292 639
292 667
292 683
292 723
292 809
292 816
292 820
292 875
292 888
293 390
293 648
293 667
293 730
293 763
293 874
293 878
293 884
293 969
293 981
294 744
294 771
294 839
294 858
294 915
294 920
294 941
294 951
294 960
294 966
294 988
294 992
295 453
295 544
295 566
295 834
295 849
295 871
295 890
295 923
295 925
295 956
295 964
295 965
295 974
296 527
296 549
296 609
296 676
296 725
296 835
296 877
296 911
296 916
296 931
296 935
296 944
296 962
297 301
297 415
297 531
297 719
297 744
297 760
297 791
297 835
297 879
297 915
297 943
297 966
297 991
298 328
298 367
298 441
298 612
298 780
298 848
298 905
298 946
298 971
298 980
298 988
299 504
299 588
299 704
299 765
299 803
299 847
299 875
299 882
299 920
299 928
299 946
299 949
299 953
300 668
300 689
300 690
300 792
300 839
300 846
300 860
300 872
300 936
300 966
300 977
301 499
301 641
301 746
301 762
301 768
301 842
301 881
301 896
301 941
301 966
301 991
301 992
302 355
302 415
302 434
302 526
302 582
302 821
302 832
302 852
302 857
302 877
302 961
302 998
303 407
303 558
303 574
303 579
303 660
303 779
303 922
303 935
303 938
303 997
304 423
304 501
304 603
304 661
304 745
304 798
304 807
304 895
304 929
304 934
304 946
304 974
304 975
305 430
305 678
305 782
305 786
305 820
305 886
305 914
305 954
305 957
305 990
305 998
306 732
306 774
306 781
306 883
306 902
306 907
306 933
306 945
306 967
306 986
306 995
306 999
307 527
307 561
307 598
307 723
307 809
307 854
307 874
307 878
307 928
307 952
307 987
307 989
308 512
308 540
308 645
308 660
308 864
308 893
308 935
308 955
308 961
308 969
309 354
309 380
309 634
309 750
309 766
309 901
309 917
309 921
309 931
309 933
309 956
309 999
310 353
310 802
310 809
310 826
310 869
310 888
310 890
310 931
310 936
311 377
311 415
311 434
311 454
311 521
311 817
311 832
311 861
311 881
311 912
311 964
311 973
311 998
312 321
312 429
312 461
312 551
312 580
312 704
312 725
312 858
312 893
312 944
312 955
312 998
313 447
313 496
313 533
313 565
313 649
313 654
313 657
313 949
313 953
313 978
313 980
313 987
313 993
314 525
314 539
314 671
314 893
314 901
314 903
314 938
314 951
314 957
314 985
314 997
315 316
315 719
315 769
315 870
315 877
315 896
315 914
315 928
315 943
315 966
315 992
315 994
316 600
316 684
316 686
316 703
316 771
316 786
316 891
316 909
316 918
316 954
316 970
316 990
317 580
317 590
317 614
317 768
317 781
317 884
317 889
317 931
317 954
317 963
317 982
317 990
318 366
318 506
318 572
318 585
318 688
318 745
318 780
318 958
318 968
318 980
318 983
318 993
319 608
319 678
319 743
319 794
319 819
319 845
319 865
319 908
319 938
319 975
319 981
320 558
320 599
320 901
320 905
320 960
320 966
320 984
321 461
321 610
321 720
321 795
321 865
321 903
321 916
321 921
321 935
321 955
321 974
322 443
322 513
322 531
322 679
322 708
322 749
322 805
322 808
322 870
322 941
322 991
322 994
323 759
323 876
323 882
323 892
323 898
323 923
323 939
323 950
323 964
323 965
323 974
324 613
324 679
324 787
324 832
324 846
324 857
324 897
324 914
324 946
324 973
324 974
324 981
324 998
325 464
325 581
325 724
325 820
325 867
325 901
325 911
325 947
325 957
325 973
325 985
325 997
326 424
326 587
326 652
326 661
326 669
326 835
326 846
326 861
326 872
326 974
327 352
327 592
327 607
327 617
327 686
327 757
327 827
327 909
327 918
327 924
327 939
327 990
328 456
328 691
328 740
328 801
328 813
328 961
328 969
328 972
328 980
328 983
328 993
329 602
329 780
329 781
329 897
329 942
329 958
329 965
329 969
329 970
329 972
329 983
329 984
329 993
330 401
330 489
330 490
330 627
330 875
330 932
330 942
330 951
330 962
330 969
330 970
330 980
330 993
331 364
331 406
331 445
331 591
331 750
331 835
331 842
331 858
331 954
331 963
331 972
331 977
332 399
332 408
332 436
332 661
332 753
332 788
332 796
332 885
332 899
332 900
332 976
332 979
332 984
333 453
333 597
333 688
333 839
333 846
333 861
333 872
333 936
333 959
333 962
333 968
333 977
333 983
334 513
334 541
334 785
334 806
334 869
334 871
334 919
334 925
334 932
334 956
334 965
334 974
335 415
335 594
335 595
335 601
335 634
335 778
335 800
335 821
335 877
335 914
335 945
335 998
336 627
336 647
336 775
336 849
336 875
336 882
336 885
336 912
336 937
336 950
336 976
336 979
336 984
337 486
337 516
337 737
337 761
337 766
337 839
337 847
337 873
337 880
337 893
337 910
337 930
337 975
337 981
338 652
338 698
338 738
338 773
338 871
338 906
338 907
338 912
338 926
338 949
338 987
338 996
339 548
339 618
339 754
339 778
339 809
339 870
339 915
339 943
339 960
339 965
339 991
339 992
339 994
340 413
340 660
340 680
340 711
340 738
340 763
340 810
340 864
340 913
340 916
340 928
340 944
340 955
340 982
341 397
341 638
341 675
341 701
341 778
341 831
341 872
341 877
341 912
341 936
341 962
341 977
342 421
342 426
342 502
342 538
342 722
342 779
342 812
342 889
342 924
342 951
342 985
342 997
343 631
343 662
343 801
343 834
343 871
343 887
343 892
343 898
343 956
343 965
343 974
343 999
344 368
344 427
344 580
344 618
344 774
344 856
344 858
344 867
344 943
344 960
344 991
344 992
344 994
345 421
345 470
345 592
345 650
345 758
345 799
345 819
345 833
345 867
345 883
345 928
345 929
345 981
346 673
346 679
346 690
346 804
346 818
346 832
346 857
346 889
346 891
346 894
346 897
346 973
346 998
347 414
347 432
347 743
347 758
347 785
347 854
347 904
347 930
347 952
347 981
347 998
348 442
348 549
348 622
348 682
348 683
348 704
348 709
348 736
348 783
348 868
348 878
348 888
348 926
348 989
349 436
349 553
349 587
349 702
349 720
349 745
349 788
349 808
349 841
349 929
349 934
349 963
349 975
349 981
350 495
350 496
350 509
350 527
350 535
350 936
350 945
350 962
350 963
350 977
350 985
351 416
351 501
351 621
351 684
351 715
351 799
351 807
351 830
351 904
351 975
351 981
351 986
352 393
352 438
352 626
352 643
352 758
352 775
352 802
352 835
352 856
352 872
352 936
353 387
353 425
353 433
353 554
353 683
353 697
353 855
353 878
353 907
353 922
353 985
353 989
353 996
354 561
354 650
354 719
354 787
354 854
354 896
354 952
354 960
354 966
354 992
354 994
354 998
355 437
355 532
355 605
355 756
355 820
355 831
355 848
355 852
355 894
355 897
355 980
355 998
356 473
356 486
356 487
356 657
356 721
356 759
356 804
356 849
356 937
356 947
356 985
356 994
356 997
357 516
357 659
357 662
357 770
357 819
357 904
357 908
357 951
357 952
357 975
357 981
357 994
358 492
358 567
358 576
358 709
358 818
358 859
358 880
358 896
358 900
358 937
358 976
358 979
358 984
358 995
359 776
359 777
359 801
359 812
359 911
359 938
359 947
359 979
359 980
359 985
359 991
359 997
360 429
360 435
360 490
360 518
360 784
360 831
360 841
360 873
360 910
360 929
360 969
360 975
360 981
361 410
361 517
361 644
361 813
361 837
361 855
361 863
361 909
361 913
361 918
361 924
361 982
361 990
362 568
362 676
362 705
362 747
362 799
362 838
362 852
362 869
362 874
362 878
362 926
362 946
362 989
363 429
363 477
363 677
363 743
363 800
363 882
363 885
363 937
363 950
363 976
363 979
363 984
363 988
364 449
364 691
364 713
364 753
364 790
364 899
364 937
364 950
364 963
364 976
364 979
364 984
365 400
365 502
365 579
365 581
365 745
365 746
365 828
365 873
365 929
365 930
365 952
365 975
365 981
366 602
366 687
366 790
366 820
366 841
366 860
366 942
366 943
366 980
366 983
366 993
367 497
367 759
367 811
367 891
367 914
367 923
367 947
367 949
367 956
367 964
367 965
367 974
368 472
368 582
368 741
368 749
368 836
368 856
368 877
368 927
368 943
368 966
368 991
368 994
369 510
369 731
369 789
369 809
369 842
369 932
369 967
369 971
369 986
369 988
369 999
370 548
370 690
370 700
370 779
370 929
370 937
370 938
370 947
370 957
370 959
370 997
370 999
371 557
371 590
371 620
371 632
371 705
371 815
371 905
371 924
371 939
371 954
371 982
371 984
371 986
371 990
372 574
372 599
372 657
372 660
372 844
372 854
372 877
372 878
372 901
372 928
372 935
372 955
373 667
373 694
373 721
373 822
373 849
373 892
373 938
373 947
373 951
373 955
373 957
373 997
374 431
374 569
374 626
374 668
374 750
374 781
374 823
374 853
374 872
374 933
374 962
374 997
375 471
375 569
375 609
375 655
375 783
375 849
375 938
375 947
375 951
375 957
375 985
375 992
375 997
376 378
376 509
376 699
376 704
376 722
376 779
376 831
376 867
376 889
376 938
376 957
376 959
376 985
377 398
377 450
377 577
377 847
377 848
377 850
377 851
377 859
377 958
377 969
377 970
377 980
377 983
377 993
378 465
378 494
378 867
378 889
378 901
378 947
378 951
378 970
378 985
378 990
378 997
379 404
379 433
379 512
379 549
379 660
379 801
379 893
379 916
379 944
379 955
379 960
379 964
379 985
380 417
380 548
380 692
380 713
380 722
380 742
380 783
380 804
380 849
380 911
380 935
380 941
380 985
380 997
381 411
381 508
381 553
381 597
381 615
381 649
381 654
381 757
381 765
381 853
381 861
381 949
381 978
381 987
381 998
382 594
382 671
382 727
382 742
382 777
382 778
382 849
382 896
382 938
382 947
382 951
382 959
382 976
382 993
382 997
383 599
383 629
383 715
383 744
383 810
383 901
383 912
383 915
383 927
383 960
383 966
383 969
383 991
383 994
384 553
384 681
384 699
384 741
384 803
384 837
384 847
384 865
384 905
384 907
384 917
384 920
384 976
384 978
384 987
385 446
385 514
385 527
385 653
385 755
385 782
385 828
385 885
385 894
385 948
385 968
385 971
385 986
386 595
386 610
386 772
386 778
386 783
386 839
386 894
386 897
386 903
386 914
386 973
386 998
387 469
387 552
387 616
387 648
387 696
387 707
387 737
387 775
387 858
387 865
387 989
388 566
388 576
388 691
388 753
388 796
388 855
388 869
388 879
388 918
388 939
388 981
388 986
388 990
389 514
389 596
389 736
389 753
389 760
389 899
389 905
389 937
389 950
389 972
389 976
389 977
389 979
389 984
390 726
390 732
390 736
390 843
390 853
390 882
390 899
390 900
390 937
390 950
390 976
390 979
391 456
391 634
391 683
391 709
391 786
391 820
391 826
391 837
391 856
391 878
391 885
391 945
392 473
392 523
392 566
392 601
392 755
392 824
392 862
392 872
392 917
392 926
392 948
392 953
392 986
392 995
392 999
393 431
393 522
393 535
393 626
393 735
393 773
393 844
393 846
393 859
393 961
393 962
393 977
393 994
394 533
394 581
394 628
394 683
394 706
394 732
394 775
394 816
394 826
394 868
394 869
394 878
394 888
394 998
395 455
395 563
395 568
395 570
395 663
395 711
395 753
395 775
395 815
395 837
395 878
395 989
396 492
396 627
396 634
396 742
396 885
396 900
396 909
396 915
396 929
396 937
396 950
396 976
396 977
396 979
396 984
397 496
397 581
397 664
397 739
397 750
397 751
397 811
397 823
397 844
397 856
397 861
397 872
397 963
398 408
398 502
398 552
398 674
398 750
398 796
398 806
398 891
398 919
398 925
398 942
398 956
399 424
399 516
399 525
399 633
399 699
399 729
399 815
399 839
399 865
399 906
399 940
399 987
399 996
399 999
400 467
400 770
400 870
400 879
400 915
400 943
400 949
400 991
400 992
400 994
401 510
401 688
401 746
401 772
401 780
401 790
401 863
401 955
401 961
401 969
401 972
401 983
401 988
401 993
402 642
402 649
402 654
402 681
402 699
402 731
402 770
402 803
402 813
402 847
402 949
402 996
403 603
403 685
403 743
403 759
403 761
403 808
403 851
403 900
403 905
403 910
403 930
403 952
403 982
404 434
404 510
404 690
404 756
404 760
404 778
404 894
404 944
404 973
404 993
404 998
405 627
405 726
405 862
405 885
405 899
405 900
405 916
405 928
405 937
405 950
405 976
405 977
405 984
406 584
406 652
406 675
406 688
406 763
406 812
406 817
406 861
406 895
406 936
406 962
406 963
407 419
407 704
407 706
407 728
407 729
407 761
407 795
407 858
407 893
407 905
407 928
407 935
407 955
407 988
408 741
408 785
408 787
408 801
408 811
408 837
408 857
408 925
408 956
408 964
408 965
408 974
408 975
409 548
409 735
409 745
409 794
409 828
409 867
409 873
409 904
409 910
409 952
409 975
409 984
409 994
410 596
410 694
410 695
410 798
410 841
410 852
410 857
410 881
410 897
410 914
410 963
410 973
410 980
411 531
411 767
411 833
411 859
411 909
411 958
411 961
411 972
411 976
411 977
411 980
411 983
411 993
412 454
412 512
412 607
412 632
412 646
412 679
412 754
412 766
412 821
412 914
412 973
412 985
413 463
413 721
413 724
413 745
413 890
413 901
413 938
413 951
413 957
413 958
413 959
413 969
413 985
413 998
414 499
414 599
414 611
414 691
414 879
414 915
414 927
414 960
414 975
414 991
414 992
415 586
415 588
415 626
415 727
415 831
415 832
415 894
415 933
415 954
415 998
416 529
416 568
416 648
416 712
416 730
416 892
416 926
416 978
416 989
417 475
417 497
417 710
417 784
417 862
417 895
417 933
417 945
417 948
417 957
417 968
417 986
417 995
418 515
418 552
418 579
418 600
418 764
418 859
418 875
418 880
418 961
418 972
418 980
418 983
418 992
418 993
419 461
419 482
419 483
419 551
419 566
419 609
419 711
419 725
419 844
419 861
419 866
419 887
419 922
419 926
419 928
420 425
420 432
420 483
420 511
420 524
420 584
420 632
420 689
420 720
420 854
420 877
420 893
420 911
420 916
420 928
420 955
421 434
421 436
421 628
421 642
421 695
421 764
421 881
421 897
421 914
421 973
421 998
422 521
422 562
422 644
422 733
422 752
422 797
422 847
422 863
422 886
422 894
422 909
422 924
422 982
422 990
422 993
423 436
423 507
423 603
423 604
423 635
423 672
423 705
423 731
423 746
423 823
423 904
423 905
423 918
423 932
424 572
424 633
424 667
424 714
424 727
424 798
424 803
424 855
424 870
424 880
424 883
424 946
425 478
425 549
425 639
425 729
425 815
425 824
425 842
425 844
425 860
425 888
425 928
425 936
425 955
426 539
426 548
426 564
426 658
426 675
426 686
426 724
426 889
426 893
426 937
426 957
426 970
426 981
426 997
427 434
427 471
427 700
427 836
427 896
427 941
427 942
427 947
427 966
427 979
427 991
427 992
427 994
427 996
428 542
428 617
428 708
428 749
428 833
428 851
428 867
428 960
428 966
428 973
428 991
428 992
428 994
429 511
429 602
429 608
429 760
429 762
429 882
429 885
429 889
429 930
429 962
429 976
429 979
429 984
430 580
430 614
430 723
430 786
430 800
430 861
430 866
430 886
430 912
430 924
430 939
430 952
430 990
431 438
431 556
431 675
431 685
431 773
431 802
431 842
431 844
431 846
431 908
431 935
431 968
431 977
432 573
432 589
432 592
432 891
432 905
432 913
432 916
432 922
432 928
432 935
432 946
432 965
433 723
433 766
433 837
433 838
433 851
433 857
433 884
433 890
433 903
434 532
434 668
434 703
434 733
434 788
434 852
434 914
434 954
434 968
434 998
435 614
435 620
435 705
435 743
435 799
435 824
435 853
435 879
435 908
435 920
435 929
435 952
435 975
435 977
436 462
436 603
436 737
436 824
436 831
436 839
436 853
436 875
436 904
436 934
436 973
437 778
437 821
437 881
437 882
437 893
437 894
437 897
437 914
437 933
437 971
437 973
437 985
437 998
438 579
438 603
438 658
438 664
438 668
438 800
438 861
438 905
438 928
438 962
438 963
439 518
439 672
439 677
439 746
439 767
439 768
439 781
439 786
439 873
439 886
439 906
439 939
439 945
439 954
439 960
440 642
440 690
440 698
440 706
440 784
440 795
440 803
440 840
440 861
440 882
440 976
440 978
440 997
441 526
441 651
441 794
441 826
441 850
441 880
441 949
441 958
441 970
441 980
441 983
441 986
441 997
442 443
442 544
442 629
442 773
442 780
442 797
442 875
442 895
442 958
442 969
442 970
442 972
442 993
442 995
443 451
443 471
443 637
443 681
443 759
443 810
443 876
443 941
443 943
443 988
443 992
443 994
444 488
444 618
444 684
444 805
444 919
444 924
444 933
444 948
444 956
444 957
444 968
444 971
444 988
444 995
444 996
445 591
445 733
445 835
445 846
445 872
445 917
445 936
445 940
445 963
445 972
445 977
446 567
446 620
446 632
446 667
446 678
446 768
446 796
446 813
446 821
446 909
446 918
446 922
446 954
446 982
446 990
447 567
447 661
447 743
447 762
447 815
447 839
447 842
447 846
447 856
447 861
447 872
447 900
447 963
447 977
448 469
448 625
448 648
448 758
448 820
448 826
448 837
448 888
448 907
448 922
448 939
448 966
448 989
448 990
449 459
449 575
449 712
449 730
449 747
449 784
449 811
449 834
449 854
449 878
449 881
449 890
449 943
449 989
450 511
450 676
450 867
450 876
450 887
450 898
450 919
450 925
450 936
450 956
450 960
450 961
450 964
450 965
450 974
451 465
451 583
451 755
451 777
451 783
451 852
451 856
451 911
451 957
451 976
451 985
451 997
452 507
452 597
452 698
452 751
452 798
452 888
452 905
452 912
452 920
452 946
452 953
452 978
452 987
453 574
453 575
453 682
453 709
453 750
453 809
453 830
453 874
453 926
453 938
453 956
453 982
453 989
454 466
454 496
454 594
454 694
454 708
454 754
454 778
454 800
454 848
454 852
454 897
454 964
454 982
454 998
455 571
455 682
455 697
455 730
455 747
455 834
455 863
455 869
455 884
455 907
455 947
455 949
455 988
455 997
456 464
456 575
456 607
456 680
456 760
456 809
456 854
456 874
456 884
456 903
456 950
456 983
456 989
457 466
457 731
457 842
457 848
457 857
457 875
457 880
457 886
457 907
457 910
457 958
457 969
457 970
457 972
457 980
457 983
457 993
458 468
458 701
458 736
458 753
458 762
458 805
458 818
458 899
458 900
458 919
458 937
458 963
458 964
458 965
458 976
458 979
458 984
459 533
459 535
459 655
459 723
459 729
459 795
459 830
459 874
459 887
459 890
459 964
459 966
460 588
460 623
460 666
460 695
460 754
460 788
460 817
460 832
460 857
460 860
460 878
460 897
460 910
460 995
460 998
461 491
461 504
461 665
461 837
461 877
461 922
461 928
461 944
461 955
461 966
462 520
462 592
462 638
462 684
462 799
462 804
462 824
462 845
462 864
462 867
462 891
462 920
462 930
462 934
462 952
463 591
463 742
463 777
463 835
463 849
463 893
463 901
463 938
463 947
463 951
463 959
463 985
463 996
463 997
463 998
464 587
464 641
464 654
464 922
464 924
464 948
464 968
464 971
464 986
464 988
464 995
464 996
464 999
465 612
465 721
465 853
465 858
465 901
465 940
465 944
465 947
465 951
465 957
465 959
465 980
465 985
465 997
466 629
466 735
466 790
466 797
466 875
466 883
466 904
466 958
466 961
466 972
466 980
466 983
466 984
466 993
466 995
467 504
467 630
467 714
467 716
467 763
467 803
467 815
467 832
467 888
467 906
467 940
467 953
467 964
467 978
468 507
468 532
468 571
468 690
468 694
468 756
468 881
468 894
468 921
468 969
468 971
468 973
468 998
469 490
469 510
469 611
469 631
469 648
469 683
469 698
469 699
469 868
469 878
469 899
469 907
469 926
469 989
470 498
470 637
470 719
470 720
470 778
470 807
470 841
470 851
470 867
470 929
470 975
470 979
470 981
470 990
471 681
471 713
471 719
471 769
471 773
471 845
471 848
471 927
471 941
471 948
471 991
471 994
472 505
472 611
472 667
472 679
472 698
472 734
472 744
472 810
472 811
472 870
472 927
472 943
472 966
472 994
472 995
473 497
473 538
473 545
473 687
473 747
473 759
473 793
473 891
473 919
473 923
473 956
473 974
473 979
473 999
474 721
474 724
474 759
474 787
474 860
474 871
474 887
474 899
474 901
474 904
474 919
474 923
474 950
474 956
474 964
474 965
474 974
475 559
475 636
475 687
475 702
475 797
475 805
475 902
475 926
475 931
475 945
475 951
475 968
475 982
475 986
475 988
475 995
476 626
476 675
476 688
476 725
476 750
476 773
476 779
476 872
476 936
476 940
476 950
476 963
477 576
477 627
477 658
477 764
477 811
477 876
477 882
477 899
477 937
477 950
477 969
477 970
477 976
477 979
477 984
477 985
478 530
478 579
478 711
478 791
478 830
478 839
478 891
478 904
478 906
478 913
478 916
478 928
478 944
479 657
479 752
479 823
479 873
479 883
479 912
479 926
479 940
479 946
479 947
479 949
479 953
479 978
479 987
480 530
480 549
480 579
480 610
480 647
480 683
480 724
480 749
480 821
480 877
480 881
480 913
480 928
480 935
480 952
480 955
481 507
481 702
481 715
481 722
481 745
481 746
481 807
481 828
481 851
481 860
481 887
481 930
481 940
481 952
482 671
482 703
482 732
482 766
482 777
482 801
482 892
482 917
482 931
482 949
482 967
482 971
482 978
482 986
482 996
483 518
483 640
483 665
483 844
483 877
483 893
483 913
483 916
483 955
483 961
484 537
484 572
484 623
484 751
484 761
484 904
484 920
484 940
484 946
484 949
484 960
484 970
484 978
485 582
485 725
485 805
485 858
485 879
485 892
485 896
485 903
485 941
485 943
485 963
485 966
485 991
485 992
485 998
486 533
486 581
486 686
486 700
486 770
486 779
486 849
486 889
486 901
486 947
486 948
486 978
486 985
486 990
486 997
487 604
487 632
487 770
487 779
487 831
487 947
487 951
487 952
487 957
487 959
487 985
487 997
488 754
488 814
488 902
488 927
488 931
488 940
488 945
488 967
488 968
488 990
488 995
488 996
488 999
489 595
489 829
489 846
489 896
489 930
489 942
489 946
489 958
489 961
489 970
489 972
489 980
489 983
489 993
490 517
490 559
490 713
490 719
490 726
490 760
490 885
490 937
490 950
490 970
490 976
490 979
490 984
490 989
491 507
491 573
491 738
491 740
491 811
491 860
491 907
491 913
491 922
491 935
491 944
491 955
491 987
492 736
492 753
492 762
492 804
492 843
492 885
492 899
492 903
492 937
492 979
492 984
492 986
493 536
493 577
493 664
493 703
493 713
493 728
493 805
493 830
493 895
493 921
493 931
493 974
493 988
493 995
493 999
494 605
494 621
494 659
494 785
494 819
494 873
494 883
494 904
494 909
494 910
494 935
494 952
494 975
495 537
495 554
495 583
495 664
495 701
495 827
495 835
495 856
495 872
495 899
495 937
495 953
495 962
495 963
495 971
495 987
496 689
496 701
496 773
496 828
496 842
496 844
496 883
496 939
496 963
496 977
496 985
497 503
497 523
497 678
497 713
497 732
497 784
497 792
497 871
497 892
497 898
497 908
497 923
497 956
497 965
497 974
498 538
498 595
498 731
498 732
498 737
498 753
498 816
498 842
498 853
498 867
498 908
498 910
498 930
498 934
498 981
498 994
499 563
499 645
499 646
499 665
499 685
499 700
499 734
499 743
499 804
499 896
499 987
499 991
499 994
500 568
500 642
500 683
500 837
500 842
500 874
500 884
500 916
500 923
500 933
500 939
500 997
501 518
501 520
501 533
501 604
501 621
501 731
501 758
501 823
501 882
501 928
501 932
501 934
501 974
501 975
501 996
502 792
502 840
502 859
502 871
502 876
502 887
502 919
502 924
502 925
502 950
502 956
502 964
502 965
502 974
502 981
503 671
503 680
503 687
503 729
503 793
503 816
503 823
503 871
503 891
503 919
503 939
503 956
503 964
503 965
503 974
504 525
504 582
504 633
504 714
504 716
504 809
504 825
504 829
504 864
504 940
504 946
504 978
504 981
504 987
505 652
505 655
505 682
505 709
505 751
505 809
505 874
505 878
505 884
505 899
505 903
505 907
505 913
505 988
505 989
506 580
506 590
506 614
506 686
506 768
506 833
506 866
506 909
506 918
506 934
506 939
506 954
506 983
506 984
506 990
507 714
507 789
507 853
507 905
507 906
507 910
507 929
507 952
507 960
507 981
508 559
508 572
508 593
508 623
508 690
508 699
508 761
508 765
508 792
508 840
508 899
508 912
508 920
508 953
508 987
509 612
509 703
509 710
509 742
509 760
509 822
509 849
509 900
509 938
509 951
509 959
509 960
509 961
509 985
509 997
510 748
510 817
510 836
510 859
510 942
510 957
510 958
510 961
510 969
510 970
510 972
510 983
510 993
511 608
511 717
511 878
511 882
511 885
511 893
511 937
511 975
511 976
511 979
511 984
511 987
511 993
512 729
512 795
512 844
512 864
512 877
512 879
512 893
512 944
512 968
512 978
512 986
512 994
512 997
513 560
513 670
513 806
513 828
513 876
513 891
513 892
513 919
513 925
513 935
513 964
513 965
513 968
513 974
513 983
513 993
514 663
514 819
514 833
514 892
514 895
514 931
514 933
514 945
514 966
514 967
514 971
514 985
514 988
514 995
514 997
515 848
515 850
515 852
515 875
515 916
515 917
515 933
515 958
515 970
515 972
515 980
515 982
515 983
515 991
515 993
516 702
516 725
516 761
516 831
516 853
516 862
516 867
516 907
516 908
516 930
516 975
516 980
516 998
517 522
517 643
517 657
517 831
517 882
517 900
517 937
517 950
517 953
517 976
517 977
517 979
517 984
517 985
517 990
518 538
518 576
518 622
518 737
518 800
518 808
518 823
518 905
518 910
518 934
518 952
518 954
518 975
519 560
519 652
519 736
519 739
519 762
519 818
519 867
519 882
519 935
519 937
519 950
519 953
519 976
519 979
519 984
519 990
519 997
520 604
520 731
520 746
520 747
520 798
520 803
520 807
520 823
520 831
520 838
520 905
520 972
521 547
521 652
521 655
521 659
521 682
521 683
521 701
521 707
521 868
521 869
521 890
521 903
521 904
521 920
521 989
522 560
522 608
522 627
522 651
522 662
522 753
522 870
522 899
522 900
522 937
522 941
522 984
523 643
523 663
523 758
523 789
523 801
523 824
523 837
523 917
523 936
523 945
523 948
523 968
523 971
523 995
523 996
524 602
524 625
524 747
524 902
524 931
524 932
524 937
524 948
524 949
524 968
524 978
524 986
524 987
524 995
524 996
524 999
525 534
525 535
525 565
525 572
525 623
525 751
525 763
525 772
525 803
525 895
525 918
525 946
525 959
525 978
526 531
526 703
526 779
526 848
526 859
526 909
526 942
526 950
526 958
526 961
526 970
526 971
526 972
526 973
526 980
526 996
527 528
527 565
527 791
527 833
527 948
527 949
527 967
527 968
527 974
527 986
527 988
527 995
527 996
527 999
528 538
528 584
528 689
528 756
528 773
528 802
528 807
528 839
528 861
528 882
528 936
528 961
528 962
528 963
528 971
528 977
529 562
529 663
529 667
529 707
529 734
529 745
529 747
529 775
529 816
529 837
529 868
529 888
529 890
529 891
529 907
529 947
530 579
530 610
530 748
530 778
530 844
530 850
530 893
530 911
530 913
530 916
530 920
530 922
530 955
531 544
531 595
531 651
531 724
531 769
531 911
531 958
531 961
531 969
531 970
531 983
531 993
532 613
532 617
532 646
532 722
532 738
532 787
532 788
532 798
532 833
532 876
532 881
532 998
533 570
533 629
533 648
533 723
533 775
533 890
533 903
533 916
533 932
533 981
534 693
534 694
534 787
534 792
534 803
534 808
534 810
534 887
534 892
534 898
534 919
534 923
534 925
534 964
534 965
534 972
534 974
535 556
535 687
535 773
535 802
535 839
535 846
535 856
535 936
535 975
535 977
535 979
536 585
536 717
536 797
536 825
536 850
536 860
536 880
536 905
536 958
536 968
536 969
536 972
536 980
536 984
536 993
537 549
537 558
537 632
537 698
537 699
537 714
537 803
537 815
537 865
537 876
537 883
537 906
537 962
537 965
537 987
538 674
538 687
538 741
538 790
538 824
538 892
538 898
538 919
538 923
538 956
538 964
538 974
538 989
539 671
539 783
539 838
539 843
539 889
539 896
539 901
539 911
539 957
539 959
539 966
539 997
539 998
540 551
540 573
540 580
540 727
540 762
540 844
540 864
540 877
540 916
540 924
540 928
540 935
540 944
540 954
540 994
541 562
541 767
541 771
541 786
541 813
541 855
541 890
541 895
541 896
541 900
541 924
541 954
541 982
541 990
542 665
542 715
542 749
542 811
542 822
542 836
542 921
542 927
542 941
542 943
542 957
542 960
542 967
542 991
542 992
542 994
543 546
543 556
543 583
543 668
543 709
543 844
543 872
543 898
543 936
543 962
543 963
543 977
543 990
543 993
544 600
544 616
544 740
544 790
544 829
544 854
544 865
544 875
544 942
544 952
544 958
544 961
544 969
544 980
544 993
545 573
545 574
545 579
545 625
545 729
545 795
545 864
545 910
545 916
545 922
545 935
545 944
545 955
545 964
545 967
546 636
546 639
546 692
546 718
546 783
546 812
546 881
546 892
546 911
546 938
546 951
546 957
546 985
546 997
547 595
547 666
547 683
547 706
547 712
547 718
547 786
547 809
547 834
547 848
547 868
547 907
547 989
547 994
548 564
548 606
548 696
548 746
548 812
548 885
548 889
548 901
548 911
548 917
548 951
548 959
548 995
548 997
549 610
549 718
549 873
549 876
549 878
549 913
549 918
549 922
549 928
549 932
549 935
549 955
550 653
550 752
550 777
550 814
550 833
550 895
550 906
550 921
550 929
550 948
550 967
550 968
550 988
550 995
550 999
551 609
551 634
551 680
551 718
551 720
551 744
551 844
551 849
551 874
551 928
551 935
551 987
552 570
552 697
552 712
552 830
552 838
552 854
552 874
552 884
552 890
552 925
552 926
552 959
552 977
553 578
553 671
553 698
553 702
553 748
553 774
553 840
553 855
553 912
553 920
553 946
553 949
553 953
553 977
553 978
554 556
554 583
554 584
554 591
554 641
554 664
554 668
554 784
554 842
554 846
554 860
554 893
554 919
554 929
554 977
555 563
555 611
555 625
555 705
555 747
555 771
555 786
555 796
555 813
555 827
555 850
555 886
555 892
555 918
555 984
555 990
556 583
556 649
556 701
556 726
556 773
556 788
556 892
556 963
556 968
556 970
556 977
557 677
557 678
557 695
557 752
557 771
557 827
557 866
557 872
557 879
557 886
557 924
557 939
557 940
557 972
557 982
557 986
557 989
558 672
558 704
558 711
558 718
558 725
558 735
558 814
558 856
558 877
558 907
558 913
558 916
558 922
558 935
558 987
559 596
559 684
559 769
559 773
559 880
559 898
559 902
559 907
559 915
559 917
559 921
559 967
559 971
559 986
559 995
559 999
560 598
560 604
560 627
560 656
560 688
560 713
560 753
560 771
560 832
560 874
560 899
560 941
560 950
560 976
560 979
560 984
561 624
561 659
561 682
561 760
561 870
561 879
561 915
561 936
561 941
561 942
561 943
561 960
561 966
561 994
561 995
562 566
562 568
562 603
562 632
562 686
562 855
562 883
562 886
562 950
562 975
562 978
562 982
562 990
562 993
563 566
563 582
563 632
563 686
563 733
563 750
563 752
563 786
563 811
563 855
563 911
563 954
563 989
563 990
564 636
564 767
564 800
564 808
564 812
564 869
564 889
564 900
564 944
564 947
564 957
564 959
564 985
564 990
564 994
564 997
565 687
565 699
565 751
565 785
565 794
565 840
565 891
565 912
565 914
565 920
565 956
565 965
565 978
565 987
566 604
566 760
566 767
566 796
566 813
566 831
566 886
566 939
566 954
566 981
566 982
566 985
566 990
567 630
567 636
567 643
567 688
567 692
567 703
567 769
567 805
567 862
567 917
567 941
567 945
567 967
567 986
567 988
567 996
567 999
568 598
568 695
568 730
568 747
568 786
568 798
568 807
568 826
568 837
568 838
568 868
568 939
568 952
568 989
569 735
569 740
569 748
569 780
569 813
569 850
569 865
569 875
569 880
569 902
569 936
569 943
569 961
569 969
569 970
569 972
569 980
569 983
570 631
570 667
570 728
570 816
570 838
570 841
570 842
570 854
570 869
570 878
570 951
570 964
570 976
570 989
570 993
571 674
571 708
571 781
571 787
571 793
571 806
571 818
571 829
571 887
571 892
571 919
571 923
571 925
571 951
571 956
571 964
571 974
572 652
572 654
572 778
572 781
572 883
572 906
572 912
572 935
572 940
572 945
572 988
573 686
573 687
573 696
573 729
573 737
573 864
573 909
573 916
573 935
573 944
573 948
573 997
574 576
574 660
574 844
574 864
574 869
574 877
574 893
574 916
574 917
574 928
574 948
574 955
574 971
575 598
575 638
575 682
575 707
575 750
575 755
575 792
575 816
575 818
575 826
575 844
575 868
575 884
575 916
575 989
575 993
576 617
576 654
576 739
576 818
576 882
576 899
576 900
576 911
576 937
576 950
576 979
576 984
577 698
577 766
577 786
577 840
577 902
577 917
577 931
577 932
577 945
577 948
577 952
577 958
577 967
577 986
577 988
577 995
577 997
578 609
578 641
578 692
578 704
578 718
578 729
578 782
578 877
578 892
578 916
578 921
578 944
578 955
578 987
579 614
579 672
579 674
579 720
579 727
579 758
579 864
579 916
579 935
579 944
579 987
580 666
580 677
580 691
580 696
580 718
580 738
580 813
580 866
580 890
580 939
580 953
580 954
581 726
581 742
581 770
581 783
581 800
581 882
581 889
581 901
581 926
581 947
581 957
581 997
582 656
582 717
582 726
582 739
582 882
582 889
582 900
582 937
582 950
582 963
582 975
582 976
582 979
582 984
583 835
583 856
583 865
583 867
583 872
583 882
583 890
583 911
583 936
583 962
583 963
583 967
583 977
584 593
584 626
584 653
584 666
584 669
584 770
584 785
584 802
584 835
584 865
584 872
584 963
584 977
585 605
585 619
585 629
585 691
585 761
585 796
585 848
585 853
585 924
585 953
585 969
585 970
585 972
585 980
585 983
585 985
585 993
586 598
586 650
586 685
586 708
586 744
586 763
586 774
586 804
586 879
586 896
586 915
586 927
586 953
586 960
586 966
586 980
586 991
586 992
587 703
587 791
587 814
587 855
587 857
587 921
587 923
587 932
587 933
587 943
587 967
587 971
587 978
587 988
587 996
587 998
587 999
588 635
588 677
588 756
588 764
588 778
588 788
588 829
588 862
588 894
588 897
588 914
588 934
588 973
588 986
588 998
589 609
589 676
589 681
589 716
589 738
589 765
589 835
589 889
589 903
589 940
589 946
589 949
589 953
589 955
589 978
589 987
590 644
590 678
590 714
590 754
590 762
590 768
590 778
590 793
590 798
590 877
590 909
590 918
590 924
590 943
590 954
590 982
590 990
591 629
591 727
591 750
591 755
591 773
591 786
591 802
591 835
591 842
591 853
591 856
591 950
591 963
591 968
591 999
592 659
592 674
592 725
592 726
592 731
592 745
592 851
592 853
592 904
592 905
592 908
592 931
592 934
592 944
592 981
593 610
593 642
593 751
593 784
593 798
593 815
593 825
593 840
593 841
593 850
593 865
593 883
593 940
593 949
593 953
593 954
593 984
594 607
594 638
594 672
594 695
594 717
594 764
594 766
594 834
594 844
594 852
594 881
594 894
594 914
594 934
594 973
594 998
595 757
595 764
595 782
595 796
595 829
595 848
595 875
595 880
595 961
595 970
595 972
595 980
595 983
595 993
595 996
596 751
596 776
596 801
596 821
596 833
596 895
596 917
596 933
596 945
596 955
596 971
596 983
596 986
596 988
596 990
596 996
596 999
597 631
597 716
597 784
597 840
597 847
597 865
597 894
597 916
597 930
597 949
597 953
597 962
597 974
597 978
597 987
598 670
598 755
598 771
598 773
598 816
598 820
598 834
598 838
598 869
598 884
598 926
598 975
598 979
598 989
598 999
599 618
599 665
599 719
599 730
599 775
599 798
599 819
599 870
599 915
599 923
599 950
599 966
599 991
599 992
599 993
599 994
600 632
600 647
600 691
600 735
600 771
600 781
600 786
600 792
600 801
600 870
600 905
600 939
600 954
600 982
600 990
600 995
600 997
601 602
601 715
601 720
601 732
601 757
601 776
601 862
601 892
601 905
601 921
601 926
601 932
601 933
601 968
601 990
601 995
601 996
602 801
602 862
602 881
602 889
602 895
602 917
602 921
602 945
602 948
602 969
602 976
602 988
602 995
602 996
602 999
603 606
603 642
603 704
603 744
603 758
603 761
603 799
603 824
603 873
603 889
603 929
603 952
603 968
604 659
604 743
604 761
604 808
604 819
604 841
604 851
604 880
604 904
604 906
604 929
604 952
604 989
605 641
605 659
605 661
605 750
605 758
605 824
605 831
605 851
605 866
605 873
605 902
605 921
605 949
605 952
605 975
605 981
606 659
606 684
606 731
606 762
606 823
606 824
606 831
606 851
606 905
606 930
606 981
606 991
606 992
606 999
607 613
607 695
607 697
607 756
607 778
607 800
607 814
607 821
607 829
607 881
607 894
607 897
607 899
607 951
607 973
607 992
607 998
608 668
608 713
608 731
608 736
608 753
608 756
608 788
608 790
608 885
608 937
608 950
608 976
608 979
608 984
608 989
609 672
609 711
609 718
609 729
609 799
609 864
609 893
609 905
609 916
609 937
609 944
609 953
609 972
610 704
610 816
610 832
610 844
610 855
610 857
610 893
610 913
610 919
610 922
610 928
610 935
610 953
610 963
611 637
611 659
611 665
611 836
611 845
611 870
611 889
611 941
611 959
611 960
611 991
611 992
611 994
612 651
612 748
612 757
612 770
612 848
612 850
612 862
612 887
612 900
612 942
612 948
612 961
612 969
612 972
612 980
612 983
612 993
613 764
613 772
613 775
613 800
613 821
613 822
613 826
613 832
613 837
613 877
613 881
613 894
613 976
613 981
613 986
613 998
614 644
614 665
614 678
614 686
614 767
614 768
614 863
614 886
614 890
614 917
614 937
614 954
614 990
615 618
615 693
615 792
615 810
615 836
615 858
615 914
615 923
615 947
615 960
615 966
615 969
615 978
615 986
615 991
615 992
615 994
616 655
616 728
616 826
616 830
616 834
616 838
616 857
616 874
616 878
616 903
616 909
616 922
616 934
616 957
616 981
616 989
617 686
617 735
617 782
617 793
617 796
617 813
617 866
617 868
617 878
617 909
617 939
617 946
617 954
617 982
617 985
617 990
618 624
618 681
618 796
618 827
618 874
618 879
618 927
618 941
618 943
618 960
618 966
618 987
618 988
618 992
618 994
619 742
619 789
619 790
619 848
619 856
619 860
619 880
619 942
619 958
619 961
619 969
619 970
619 972
619 974
619 980
619 993
619 996
620 657
620 698
620 729
620 759
620 765
620 774
620 841
620 874
620 883
620 902
620 906
620 920
620 934
620 940
620 949
620 978
620 987
621 639
621 731
621 746
621 806
621 809
621 819
621 853
621 880
621 904
621 924
621 925
621 934
621 943
621 952
621 975
622 640
622 710
622 766
622 777
622 779
622 792
622 812
622 825
622 849
622 859
622 901
622 919
622 934
622 947
622 957
622 959
622 973
622 985
622 997
623 656
623 681
623 714
623 738
623 757
623 798
623 828
623 847
623 884
623 906
623 953
623 956
623 987
624 669
624 832
624 836
624 838
624 845
624 858
624 870
624 879
624 904
624 927
624 941
624 943
624 960
624 966
624 979
624 988
624 992
624 995
625 689
625 703
625 715
625 761
625 779
625 871
625 891
625 917
625 921
625 931
625 948
625 967
625 971
625 986
625 988
625 996
625 997
626 802
626 822
626 861
626 899
626 933
626 936
626 961
626 962
626 963
626 965
626 971
626 993
627 629
627 667
627 829
627 882
627 899
627 900
627 930
627 950
627 952
627 957
627 973
627 976
627 979
627 984
628 673
628 701
628 727
628 768
628 772
628 778
628 788
628 810
628 817
628 840
628 857
628 897
628 938
628 980
628 998
628 999
629 803
629 829
629 859
629 911
629 917
629 942
629 958
629 961
629 969
629 970
629 972
629 978
629 980
629 993
630 672
630 759
630 771
630 787
630 792
630 832
630 848
630 887
630 891
630 898
630 923
630 956
630 961
630 964
630 965
631 646
631 753
631 788
631 793
631 806
631 871
631 887
631 891
631 898
631 915
631 925
631 940
631 956
631 964
631 965
631 974
632 671
632 767
632 768
632 771
632 846
632 866
632 909
632 921
632 944
632 954
632 982
632 984
633 649
633 678
633 717
633 730
633 751
633 784
633 785
633 803
633 823
633 825
633 829
633 940
633 946
633 949
633 987
633 989
634 774
634 810
634 862
634 894
634 902
634 917
634 921
634 933
634 948
634 971
634 986
634 988
634 995
634 999
635 638
635 755
635 779
635 817
635 862
635 887
635 902
635 933
635 948
635 958
635 961
635 967
635 986
635 995
635 996
635 999
636 724
636 766
636 777
636 822
636 839
636 894
636 901
636 911
636 923
636 938
636 947
636 951
636 957
636 959
636 989
636 997
637 651
637 685
637 726
637 744
637 836
637 845
637 861
637 891
637 896
637 927
637 929
637 943
637 961
637 966
637 992
637 994
638 705
638 732
638 748
638 801
638 805
638 808
638 904
638 945
638 953
638 967
638 968
638 971
638 986
638 988
638 999
639 680
639 720
639 725
639 729
639 733
639 804
639 828
639 844
639 864
639 877
639 893
639 913
639 916
639 922
639 935
639 939
639 956
640 721
640 794
640 804
640 822
640 839
640 849
640 911
640 919
640 934
640 935
640 936
640 938
640 942
640 947
640 951
640 959
640 985
640 991
640 997
641 708
641 751
641 782
641 810
641 836
641 858
641 862
641 879
641 901
641 941
641 943
641 949
641 960
641 966
641 991
641 992
641 994
642 681
642 712
642 757
642 763
642 774
642 797
642 803
642 825
642 865
642 906
642 920
642 939
642 953
642 962
642 987
643 684
643 724
643 733
643 742
643 783
643 889
643 911
643 931
643 947
643 951
643 957
643 985
643 996
643 997
644 678
644 711
644 767
644 782
644 805
644 840
644 866
644 907
644 918
644 924
644 939
644 949
644 954
644 979
644 982
644 995
645 650
645 702
645 738
645 836
645 858
645 861
645 895
645 896
645 915
645 922
645 941
645 943
645 952
645 960
645 991
645 992
645 994
646 690
646 754
646 788
646 800
646 804
646 817
646 827
646 832
646 852
646 881
646 897
646 920
646 952
646 961
646 973
646 987
646 988
646 998
647 663
647 705
647 728
647 777
647 789
647 895
647 908
647 917
647 930
647 931
647 932
647 933
647 945
647 964
647 967
647 968
647 988
647 991
647 996
647 999
648 655
648 748
648 759
648 786
648 809
648 816
648 826
648 838
648 864
648 890
648 893
648 924
648 926
648 929
648 991
649 650
649 683
649 740
649 751
649 763
649 774
649 847
649 867
649 883
649 920
649 946
649 949
649 959
649 969
649 972
649 978
649 992
650 719
650 744
650 764
650 810
650 824
650 838
650 845
650 858
650 869
650 915
650 927
650 943
650 957
650 991
650 992
650 994
651 664
651 669
651 711
651 721
651 848
651 851
651 860
651 875
651 910
651 942
651 958
651 961
651 970
651 972
651 980
651 981
651 983
651 993
652 657
652 710
652 714
652 763
652 803
652 825
652 832
652 841
652 912
652 920
652 946
652 978
653 675
653 688
653 868
653 905
653 917
653 921
653 932
653 933
653 945
653 948
653 967
653 986
653 992
653 995
653 996
653 999
654 677
654 699
654 738
654 750
654 803
654 813
654 825
654 844
654 847
654 920
654 927
654 945
654 953
654 955
654 987
655 667
655 674
655 707
655 719
655 774
655 816
655 828
655 853
655 888
655 907
655 964
655 984
655 989
656 717
656 739
656 760
656 762
656 812
656 818
656 844
656 845
656 866
656 882
656 885
656 888
656 890
656 900
656 927
656 941
656 976
656 979
656 984
657 728
657 751
657 784
657 799
657 852
657 856
657 906
657 912
657 940
657 953
657 955
657 971
658 675
658 688
658 689
658 701
658 773
658 788
658 802
658 821
658 852
658 856
658 871
658 926
658 936
658 963
658 966
658 977
659 743
659 749
659 769
659 794
659 799
659 819
659 828
659 851
659 857
659 896
659 908
659 963
660 729
660 803
660 830
660 853
660 880
660 893
660 913
660 916
660 922
660 944
660 955
660 959
660 972
660 986
660 990
661 669
661 750
661 773
661 797
661 835
661 839
661 856
661 866
661 894
661 919
661 931
661 936
661 944
661 962
661 963
661 974
661 977
661 982
662 687
662 699
662 730
662 759
662 764
662 842
662 876
662 887
662 892
662 898
662 911
662 919
662 923
662 924
662 925
662 941
662 956
662 964
662 965
662 974
662 991
663 696
663 703
663 789
663 791
663 874
663 895
663 903
663 921
663 935
663 941
663 948
663 968
663 986
663 988
663 996
663 999
664 668
664 689
664 712
664 835
664 856
664 861
664 864
664 936
664 947
664 957
664 960
664 962
664 967
664 977
664 994
664 999
665 708
665 744
665 748
665 879
665 915
665 924
665 927
665 941
665 956
665 966
665 968
665 971
665 991
665 992
665 994
666 691
666 705
666 733
666 735
666 758
666 782
666 813
666 826
666 827
666 855
666 857
666 863
666 866
666 885
666 939
666 971
666 978
666 990
667 806
667 809
667 820
667 830
667 838
667 846
667 854
667 864
667 890
667 907
668 688
668 721
668 800
668 833
668 835
668 842
668 846
668 872
668 915
668 948
668 962
668 973
669 688
669 689
669 701
669 704
669 750
669 760
669 773
669 802
669 861
669 936
669 962
669 972
669 977
669 985
670 681
670 759
670 791
670 793
670 806
670 811
670 831
670 871
670 876
670 887
670 898
670 900
670 919
670 956
670 964
670 965
670 974
670 980
671 724
671 770
671 777
671 816
671 822
671 849
671 894
671 896
671 911
671 940
671 947
671 951
671 959
671 979
671 985
671 997
671 998
672 680
672 795
672 845
672 847
672 864
672 868
672 877
672 893
672 907
672 916
672 922
672 935
672 948
672 955
672 990
673 679
673 683
673 690
673 695
673 698
673 749
673 772
673 783
673 804
673 817
673 852
673 881
673 894
673 897
673 914
673 943
673 976
673 992
674 753
674 759
674 793
674 802
674 809
674 811
674 816
674 871
674 898
674 919
674 929
674 931
674 964
674 965
674 974
674 995
675 689
675 707
675 740
675 771
675 835
675 839
675 846
675 856
675 875
675 963
675 973
675 977
675 987
676 683
676 741
676 792
676 795
676 806
676 811
676 823
676 864
676 871
676 891
676 892
676 917
676 919
676 923
676 925
676 938
676 956
676 964
676 965
676 974
677 705
677 721
677 771
677 813
677 851
677 855
677 863
677 886
677 887
677 918
677 924
677 932
677 954
677 955
677 982
677 987
677 990
678 682
678 771
678 786
678 813
678 863
678 864
678 886
678 939
678 940
678 947
678 956
678 982
678 990
679 690
679 704
679 708
679 737
679 754
679 764
679 772
679 817
679 821
679 829
679 832
679 848
679 852
679 881
679 967
679 972
679 973
679 998
680 704
680 718
680 719
680 725
680 854
680 881
680 893
680 916
680 922
680 928
680 929
680 935
680 944
680 955
680 994
680 997
681 698
681 736
681 763
681 815
681 846
681 883
681 920
681 946
681 953
681 957
681 967
681 982
681 987
682 730
682 747
682 768
682 838
682 909
682 926
682 934
682 942
682 962
682 989
682 994
683 697
683 806
683 820
683 837
683 869
683 878
683 903
683 904
683 910
683 914
683 955
683 999
684 758
684 799
684 807
684 819
684 843
684 853
684 867
684 904
684 905
684 910
684 931
684 943
684 957
684 962
684 981
685 700
685 720
685 744
685 773
685 836
685 837
685 842
685 845
685 870
685 873
685 917
685 927
685 939
685 941
685 943
685 966
685 991
685 992
685 994
686 688
686 782
686 784
686 786
686 796
686 863
686 909
686 918
686 930
686 960
686 982
686 990
687 759
687 811
687 876
687 892
687 912
687 923
687 925
687 932
687 956
687 964
687 965
687 974
687 995
688 835
688 841
688 842
688 861
688 929
688 936
688 962
688 963
688 977
688 982
689 739
689 750
689 773
689 834
689 836
689 839
689 858
689 861
689 947
689 962
689 963
689 977
689 991
689 995
690 697
690 734
690 764
690 772
690 832
690 857
690 936
690 944
690 946
690 973
690 993
690 998
691 752
691 771
691 782
691 796
691 826
691 827
691 863
691 866
691 886
691 888
691 902
691 909
691 924
691 967
691 981
691 982
691 987
691 990
692 719
692 744
692 769
692 789
692 804
692 805
692 833
692 839
692 895
692 902
692 919
692 929
692 932
692 959
692 967
692 968
692 971
692 986
692 988
692 995
692 999
693 708
693 719
693 734
693 744
693 786
693 813
693 836
693 858
693 870
693 915
693 917
693 922
693 927
693 943
693 966
693 968
693 991
693 992
693 994
694 727
694 754
694 772
694 808
694 817
694 821
694 832
694 852
694 868
694 881
694 883
694 906
694 913
694 931
694 954
694 998
695 756
695 766
695 772
695 812
695 817
695 843
695 845
695 857
695 894
695 911
695 914
695 973
695 985
695 998
696 768
696 780
696 782
696 791
696 795
696 833
696 862
696 902
696 921
696 928
696 932
696 945
696 947
696 948
696 967
696 968
696 971
696 986
696 988
697 707
697 712
697 722
697 723
697 784
697 823
697 825
697 826
697 830
697 834
697 874
697 886
697 907
697 908
697 926
697 943
698 716
698 751
698 840
698 846
698 861
698 862
698 953
698 954
698 978
698 986
698 987
698 995
699 738
699 747
699 751
699 763
699 792
699 825
699 830
699 841
699 853
699 883
699 922
699 949
699 953
699 978
699 996
700 734
700 744
700 771
700 810
700 835
700 845
700 858
700 886
700 896
700 929
700 941
700 943
700 964
700 966
700 973
700 991
700 992
700 994
700 995
701 802
701 842
701 846
701 848
701 850
701 861
701 891
701 943
701 958
701 963
701 966
701 977
701 996
701 999
702 799
702 802
702 808
702 841
702 851
702 867
702 873
702 876
702 908
702 910
702 930
702 934
702 938
702 950
702 959
702 975
702 999
703 776
703 782
703 841
703 886
703 902
703 921
703 923
703 931
703 932
703 945
703 948
703 957
703 965
703 983
703 988
703 996
703 999
704 720
704 725
704 729
704 734
704 752
704 795
704 867
704 877
704 922
704 944
704 955
704 967
704 981
705 752
705 767
705 780
705 781
705 782
705 796
705 805
705 846
705 855
705 866
705 918
705 924
705 939
705 940
705 947
705 990
706 740
706 757
706 780
706 797
706 829
706 859
706 860
706 875
706 880
706 894
706 909
706 931
706 935
706 942
706 958
706 970
706 972
706 980
706 983
706 993
707 709
707 723
707 730
707 732
707 753
707 826
707 869
707 878
707 888
707 903
707 956
707 972
707 980
707 982
707 983
707 989
707 999
708 783
708 794
708 810
708 833
708 845
708 858
708 870
708 872
708 892
708 903
708 915
708 927
708 949
708 960
708 966
708 991
708 994
709 725
709 809
709 826
709 830
709 834
709 837
709 838
709 868
709 878
709 888
709 903
709 938
709 945
709 964
710 721
710 722
710 741
710 777
710 799
710 804
710 822
710 825
710 862
710 885
710 901
710 911
710 913
710 938
710 947
710 951
710 957
710 959
710 964
710 985
710 989
710 997
711 725
711 795
711 844
711 855
711 864
711 870
711 913
711 916
711 922
711 924
711 928
711 930
711 935
711 944
711 945
711 955
711 980
712 723
712 773
712 799
712 816
712 825
712 830
712 837
712 854
712 869
712 888
712 956
712 971
712 974
712 989
713 736
713 739
713 741
713 818
713 829
713 851
713 882
713 885
713 888
713 928
713 937
713 945
713 950
713 972
713 976
713 979
713 984
714 765
714 791
714 812
714 815
714 825
714 840
714 883
714 906
714 940
714 943
714 963
714 970
714 975
714 977
714 980
714 987
715 728
715 749
715 795
715 814
715 822
715 895
715 932
715 945
715 948
715 956
715 958
715 968
715 971
715 976
715 986
715 988
715 991
715 995
715 996
715 999
716 750
716 791
716 798
716 825
716 826
716 827
716 840
716 864
716 883
716 892
716 906
716 910
716 912
716 940
716 941
716 946
716 949
716 950
716 978
716 981
716 987
716 999
717 726
717 753
717 760
717 762
717 783
717 818
717 840
717 900
717 903
717 937
717 950
717 961
717 976
717 979
717 981
717 982
717 984
717 987
718 729
718 741
718 781
718 802
718 864
718 893
718 913
718 916
718 922
718 928
718 935
718 951
718 955
719 749
719 810
719 816
719 821
719 845
719 897
719 941
719 960
719 966
719 967
719 986
719 991
719 992
720 753
720 795
720 812
720 817
720 844
720 864
720 877
720 922
720 928
720 944
720 955
720 975
720 983
720 989
721 722
721 734
721 777
721 783
721 804
721 807
721 855
721 889
721 901
721 947
721 951
721 957
721 959
721 969
721 979
721 985
721 997
722 731
722 757
722 783
722 804
722 822
722 850
722 889
722 901
722 908
722 924
722 938
722 947
722 951
722 957
722 959
722 975
722 976
722 985
722 997
723 767
723 775
723 809
723 825
723 838
723 854
723 884
723 886
723 888
723 890
723 894
723 901
723 916
723 937
723 952
723 956
723 962
723 989
724 733
724 770
724 849
724 871
724 889
724 905
724 910
724 938
724 947
724 957
724 959
724 983
724 985
724 997
724 999
725 877
725 922
725 944
725 955
725 959
725 981
725 986
725 991
725 992
726 747
726 753
726 760
726 795
726 818
726 826
726 882
726 885
726 899
726 900
726 912
726 929
726 933
726 937
726 950
726 976
726 979
726 984
727 756
727 764
727 772
727 778
727 807
727 817
727 826
727 848
727 857
727 872
727 881
727 894
727 897
727 914
727 973
727 984
727 998
728 732
728 755
728 768
728 769
728 791
728 802
728 805
728 875
728 902
728 907
728 919
728 932
728 933
728 945
728 956
728 971
728 988
728 995
728 999
729 822
729 829
729 839
729 844
729 865
729 893
729 913
729 922
729 928
729 944
729 958
730 736
730 797
730 820
730 826
730 830
730 841
730 854
730 858
730 868
730 869
730 884
730 885
730 907
730 938
730 957
730 967
731 745
731 785
731 804
731 807
731 824
731 867
731 905
731 908
731 910
731 917
731 920
731 929
731 952
731 954
731 967
731 981
732 766
732 776
732 847
732 880
732 902
732 912
732 917
732 921
732 932
732 945
732 967
732 969
732 986
732 988
732 990
732 995
732 996
732 999
733 744
733 781
733 782
733 786
733 796
733 801
733 813
733 818
733 822
733 855
733 863
733 866
733 868
733 918
733 924
733 942
733 954
733 982
733 990
733 992
734 744
734 745
734 749
734 870
734 899
734 915
734 920
734 927
734 932
734 941
734 942
734 943
734 960
734 966
734 975
734 991
734 992
734 994
735 752
735 768
735 781
735 782
735 788
735 804
735 813
735 855
735 886
735 909
735 918
735 924
735 939
735 942
735 943
735 945
735 954
735 982
735 984
735 990
736 739
736 763
736 818
736 841
736 872
736 874
736 882
736 899
736 900
736 906
736 935
736 937
736 950
736 957
736 976
736 979
736 984
736 999
737 744
737 746
737 794
737 807
737 808
737 812
737 822
737 823
737 831
737 843
737 905
737 908
737 912
737 929
737 930
737 934
737 960
737 971
737 975
737 987
737 996
737 999
738 751
738 758
738 765
738 784
738 785
738 825
738 865
738 886
738 906
738 908
738 920
738 930
738 940
738 946
738 953
738 983
738 987
739 747
739 749
739 760
739 762
739 765
739 797
739 817
739 818
739 885
739 899
739 900
739 915
739 937
739 950
739 970
739 976
739 979
739 984
739 991
740 769
740 775
740 780
740 850
740 860
740 880
740 889
740 912
740 914
740 934
740 942
740 961
740 969
740 970
740 972
740 980
740 983
740 993
740 994
741 759
741 787
741 792
741 806
741 871
741 876
741 883
741 887
741 891
741 896
741 919
741 923
741 925
741 955
741 964
741 965
741 974
742 752
742 754
742 760
742 779
742 791
742 822
742 842
742 849
742 860
742 893
742 901
742 911
742 925
742 938
742 947
742 951
742 957
742 976
742 985
742 997
743 745
743 761
743 762
743 799
743 824
743 832
743 841
743 873
743 896
743 905
743 908
743 920
743 932
743 952
743 953
743 975
743 977
743 981
744 766
744 896
744 908
744 927
744 954
744 991
744 992
744 994
744 995
745 768
745 789
745 794
745 819
745 823
745 843
745 867
745 904
745 908
745 910
745 912
745 930
745 952
745 975
745 991
745 998
746 761
746 794
746 796
746 807
746 808
746 823
746 849
746 851
746 862
746 874
746 894
746 904
746 908
746 910
746 930
746 935
746 952
746 975
746 981
747 799
747 816
747 854
747 861
747 874
747 884
747 890
747 903
747 907
747 909
747 919
747 926
747 930
747 983
747 989
748 757
748 803
748 808
748 829
748 848
748 850
748 860
748 878
748 880
748 910
748 936
748 942
748 958
748 961
748 967
748 969
748 970
748 972
748 980
748 983
748 993
749 759
749 806
749 809
749 870
749 879
749 896
749 914
749 927
749 935
749 936
749 941
749 943
749 960
749 966
749 972
749 986
749 991
749 994
750 787
750 814
750 839
750 842
750 861
750 872
750 918
750 936
750 962
750 963
750 970
750 977
751 784
751 785
751 798
751 811
751 829
751 838
751 865
751 949
751 953
751 959
751 971
751 985
751 987
751 988
752 768
752 781
752 827
752 855
752 863
752 870
752 872
752 902
752 909
752 920
752 924
752 939
752 951
752 954
752 990
752 994
752 996
753 818
753 882
753 885
753 899
753 918
753 937
753 954
753 976
753 979
753 984
754 756
754 764
754 778
754 790
754 821
754 832
754 852
754 857
754 860
754 881
754 884
754 886
754 894
754 909
754 914
754 973
754 980
754 998
755 766
755 791
755 801
755 847
755 870
755 895
755 902
755 921
755 926
755 932
755 933
755 948
755 954
755 962
755 968
755 972
755 974
755 986
755 988
755 995
755 996
756 764
756 778
756 794
756 817
756 821
756 832
756 837
756 852
756 897
756 914
756 927
756 946
756 951
756 964
756 975
756 998
757 790
757 810
757 824
757 829
757 850
757 859
757 860
757 863
757 875
757 880
757 899
757 947
757 958
757 969
757 972
757 980
757 983
757 985
757 993
758 760
758 794
758 802
758 808
758 823
758 824
758 843
758 851
758 910
758 934
758 951
758 966
758 975
758 978
758 981
759 787
759 855
759 871
759 875
759 876
759 885
759 891
759 915
759 918
759 919
759 923
759 925
759 956
759 964
759 965
760 762
760 854
760 855
760 868
760 885
760 899
760 900
760 916
760 937
760 950
760 976
760 979
760 984
761 772
761 781
761 782
761 821
761 824
761 831
761 841
761 905
761 908
761 910
761 929
761 930
761 934
761 975
761 994
761 998
762 818
762 819
762 882
762 885
762 899
762 900
762 916
762 945
762 950
762 976
762 979
762 984
762 987
762 996
763 773
763 777
763 802
763 803
763 805
763 815
763 824
763 826
763 827
763 840
763 883
763 920
763 940
763 949
763 987
764 800
764 808
764 821
764 832
764 857
764 863
764 871
764 894
764 897
764 928
764 946
764 973
764 986
764 996
764 998
765 774
765 798
765 815
765 818
765 836
765 865
765 873
765 883
765 912
765 916
765 918
765 920
765 925
765 940
765 946
765 947
765 953
765 965
765 977
765 978
766 776
766 784
766 833
766 862
766 893
766 895
766 921
766 931
766 932
766 933
766 948
766 950
766 967
766 968
766 986
766 988
766 996
766 999
767 796
767 813
767 840
767 855
767 866
767 886
767 896
767 907
767 918
767 924
767 929
767 930
767 939
767 952
767 972
767 981
767 982
767 992
768 823
768 827
768 855
768 858
768 872
768 924
768 932
768 939
768 954
768 971
768 980
768 982
768 990
769 783
769 809
769 832
769 851
769 862
769 917
769 921
769 928
769 931
769 932
769 933
769 945
769 948
769 968
769 971
769 981
769 983
769 986
769 988
769 995
769 996
769 999
770 783
770 812
770 822
770 849
770 853
770 889
770 894
770 904
770 911
770 929
770 938
770 951
770 957
770 959
770 975
770 985
770 986
770 993
770 997
771 782
771 796
771 827
771 845
771 853
771 855
771 863
771 866
771 871
771 886
771 906
771 909
771 927
771 948
771 979
771 982
771 990
772 779
772 788
772 800
772 817
772 819
772 821
772 825
772 832
772 881
772 896
772 897
772 904
772 914
772 967
772 973
772 974
772 982
772 989
772 991
772 998
773 802
773 836
773 839
773 842
773 861
773 870
773 906
773 936
773 962
773 963
773 977
774 795
774 825
774 847
774 865
774 871
774 883
774 885
774 889
774 902
774 906
774 912
774 920
774 940
774 946
774 949
774 953
774 978
774 987
775 801
775 816
775 817
775 826
775 830
775 832
775 834
775 844
775 854
775 863
775 868
775 878
775 888
775 890
775 903
775 907
775 923
775 927
775 946
775 965
775 989
776 789
776 798
776 805
776 814
776 854
776 859
776 866
776 873
776 895
776 902
776 906
776 917
776 921
776 924
776 927
776 931
776 946
776 968
776 978
776 988
776 995
776 996
776 999
777 783
777 798
777 812
777 820
777 825
777 849
777 876
777 888
777 901
777 911
777 938
777 947
777 951
777 961
777 985
778 788
778 815
778 852
778 857
778 897
778 918
778 948
778 957
778 969
778 973
778 998
779 797
779 804
779 808
779 812
779 829
779 882
779 889
779 911
779 916
779 927
779 932
779 938
779 947
779 956
779 957
779 959
779 985
779 997
780 782
780 790
780 825
780 829
780 830
780 857
780 859
780 878
780 881
780 951
780 958
780 961
780 969
780 970
780 972
780 983
780 993
780 994
781 782
781 786
781 813
781 827
781 828
781 863
781 866
781 886
781 914
781 955
781 964
781 973
781 982
781 990
781 996
782 813
782 827
782 886
782 909
782 924
782 942
782 961
782 963
782 982
782 987
782 990
782 998
783 812
783 822
783 877
783 889
783 901
783 911
783 918
783 933
783 938
783 945
783 947
783 959
783 964
783 982
783 985
783 999
784 785
784 798
784 840
784 847
784 863
784 865
784 869
784 883
784 903
784 906
784 912
784 946
784 953
784 978
784 987
784 989
785 815
785 840
785 847
785 865
785 883
785 898
785 906
785 937
785 941
785 946
785 953
785 968
785 978
785 985
785 986
785 987
785 999
786 813
786 841
786 855
786 872
786 903
786 909
786 918
786 939
786 949
786 954
786 961
786 982
786 988
786 990
787 789
787 811
787 840
787 859
787 862
787 871
787 876
787 891
787 892
787 915
787 919
787 925
787 950
787 956
787 964
787 965
787 973
787 974
787 979
787 993
788 802
788 821
788 826
788 857
788 897
788 914
788 965
788 973
788 998
789 801
789 805
789 814
789 818
789 824
789 827
789 837
789 884
789 895
789 922
789 931
789 932
789 933
789 967
789 968
789 971
789 986
789 995
789 996
790 792
790 794
790 797
790 799
790 850
790 860
790 875
790 942
790 945
790 947
790 958
790 966
790 969
790 970
790 972
790 980
790 983
790 990
790 993
791 806
791 814
791 843
791 862
791 871
791 877
791 902
791 921
791 940
791 945
791 948
791 949
791 967
791 968
791 971
791 988
791 989
791 995
791 996
791 999
792 793
792 806
792 811
792 859
792 871
792 887
792 891
792 892
792 899
792 919
792 922
792 925
792 956
792 962
792 964
792 965
792 974
793 796
793 806
793 811
793 871
793 874
793 876
793 887
793 892
793 893
793 898
793 923
793 955
793 956
793 964
793 965
793 966
793 974
793 975
793 981
793 990
793 995
794 819
794 828
794 841
794 843
794 849
794 867
794 873
794 889
794 910
794 929
794 938
794 952
794 973
794 975
794 976
794 981
794 982
794 984
795 806
795 864
795 877
795 893
795 902
795 913
795 916
795 921
795 922
795 928
795 943
795 944
795 968
795 993
796 807
796 812
796 813
796 814
796 827
796 835
796 866
796 886
796 909
796 911
796 915
796 918
796 924
796 949
796 959
796 982
797 814
797 829
797 848
797 850
797 860
797 880
797 906
797 929
797 942
797 958
797 965
797 969
797 970
797 972
797 980
797 983
797 993
797 995
798 825
798 840
798 847
798 869
798 911
798 912
798 946
798 953
798 997
799 808
799 815
799 816
799 819
799 824
799 844
799 853
799 867
799 905
799 910
799 924
799 929
799 934
799 952
799 972
799 996
799 998
799 999
800 809
800 817
800 830
800 832
800 837
800 852
800 857
800 881
800 890
800 892
800 897
800 914
800 973
800 978
800 998
801 805
801 806
801 812
801 862
801 895
801 901
801 917
801 921
801 931
801 932
801 945
801 967
801 971
801 983
801 988
801 995
801 996
801 999
802 832
802 839
802 846
802 861
802 872
802 890
802 906
802 936
802 962
802 963
802 985
803 815
803 821
803 835
803 868
803 878
803 883
803 906
803 912
803 949
803 950
803 970
803 979
803 992
804 812
804 838
804 849
804 889
804 901
804 937
804 938
804 947
804 951
804 957
804 959
804 976
804 985
804 997
805 872
805 878
805 891
805 926
805 928
805 931
805 932
805 933
805 944
805 948
805 967
805 968
805 971
805 972
805 985
805 986
805 995
806 810
806 842
806 876
806 884
806 891
806 898
806 909
806 919
806 923
806 925
806 956
806 964
806 965
806 974
806 986
806 995
807 808
807 823
807 828
807 841
807 849
807 853
807 891
807 905
807 925
807 926
807 929
807 934
807 946
807 955
807 975
807 981
807 995
807 997
808 819
808 823
808 828
808 831
808 832
808 843
808 856
808 867
808 873
808 876
808 895
808 904
808 908
808 930
808 952
808 961
808 978
809 811
809 834
809 836
809 855
809 869
809 874
809 878
809 884
809 903
809 916
809 926
809 956
809 989
810 833
810 836
810 845
810 859
810 868
810 870
810 879
810 896
810 927
810 934
810 960
810 967
810 971
810 987
810 991
810 992
810 994
811 859
811 871
811 876
811 887
811 891
811 898
811 919
811 920
811 925
811 939
811 956
811 964
811 974
811 999
812 889
812 901
812 911
812 920
812 933
812 938
812 947
812 950
812 951
812 957
812 959
812 964
812 970
812 983
812 985
812 997
813 865
813 883
813 886
813 897
813 922
813 924
813 939
813 982
813 983
813 990
813 993
814 816
814 821
814 833
814 856
814 862
814 895
814 902
814 908
814 932
814 933
814 948
814 961
814 967
814 968
814 971
814 978
814 986
814 987
814 988
814 990
814 996
814 999
815 822
815 825
815 838
815 847
815 849
815 883
815 892
815 916
815 920
815 940
815 946
815 949
815 953
815 959
815 978
815 981
815 996
816 834
816 857
816 868
816 878
816 884
816 888
816 890
816 907
816 926
816 930
816 973
816 989
816 994
817 852
817 853
817 857
817 859
817 868
817 881
817 894
817 914
817 923
817 941
817 950
817 954
817 959
817 973
817 991
817 998
818 822
818 831
818 846
818 879
818 882
818 899
818 900
818 914
818 929
818 937
818 947
818 950
818 951
818 960
818 976
818 979
818 984
819 823
819 824
819 843
819 853
819 864
819 873
819 905
819 912
819 923
819 930
819 940
819 941
819 949
819 951
819 952
819 958
819 967
819 975
819 981
819 995
820 831
820 837
820 868
820 869
820 878
820 884
820 888
820 890
820 903
820 936
820 937
820 948
820 983
820 984
820 990
821 832
821 894
821 897
821 900
821 901
821 911
821 914
821 952
821 961
821 965
821 973
821 995
821 998
822 889
822 901
822 911
822 925
822 932
822 938
822 942
822 947
822 951
822 957
822 959
822 978
822 985
822 997
823 824
823 831
823 843
823 862
823 873
823 908
823 929
823 930
823 934
823 952
823 964
823 974
823 975
823 981
823 984
824 828
824 841
824 867
824 893
824 904
824 908
824 910
824 929
824 930
824 933
824 934
824 939
824 941
824 980
824 993
824 995
825 838
825 840
825 883
825 906
825 912
825 931
825 940
825 946
825 949
825 952
825 966
825 978
825 987
825 994
826 834
826 837
826 838
826 854
826 868
826 869
826 874
826 879
826 907
826 912
826 925
826 926
826 957
826 964
826 971
826 989
827 831
827 838
827 842
827 854
827 856
827 863
827 909
827 912
827 918
827 924
827 939
827 953
827 954
827 988
827 990
827 995
828 834
828 841
828 851
828 873
828 887
828 904
828 908
828 910
828 929
828 930
828 934
828 950
828 951
828 964
828 975
828 981
828 986
829 848
829 850
829 860
829 870
829 875
829 880
829 900
829 902
829 942
829 949
829 958
829 959
829 961
829 969
829 970
829 972
829 980
829 983
829 993
830 837
830 854
830 883
830 884
830 888
830 890
830 901
830 903
830 925
830 926
830 956
830 967
831 843
831 847
831 852
831 862
831 867
831 897
831 904
831 910
831 929
831 934
831 952
831 981
832 852
832 857
832 897
832 914
832 944
832 963
832 973
832 992
832 998
833 857
833 862
833 891
833 901
833 902
833 931
833 932
833 933
833 948
833 968
833 986
833 988
833 992
833 995
833 996
833 999
834 862
834 863
834 869
834 884
834 888
834 890
834 907
834 920
834 931
834 938
834 942
834 953
834 984
834 989
834 993
835 839
835 842
835 846
835 856
835 872
835 882
835 897
835 913
835 919
835 934
835 936
835 937
835 938
835 954
835 958
835 977
835 992
836 845
836 858
836 864
836 872
836 879
836 891
836 896
836 898
836 915
836 941
836 943
836 966
836 971
836 991
836 992
836 993
836 994
836 999
837 838
837 858
837 868
837 869
837 874
837 888
837 907
837 918
837 926
837 936
837 973
837 989
838 841
838 888
838 903
838 907
838 919
838 926
838 941
838 980
838 989
839 856
839 861
839 872
839 913
839 921
839 936
839 940
839 962
839 963
839 977
840 876
840 884
840 906
840 912
840 920
840 924
840 939
840 940
840 946
840 949
840 953
840 962
840 966
840 973
840 987
840 989
840 997
841 843
841 851
841 853
841 873
841 904
841 905
841 910
841 929
841 930
841 951
841 981
842 846
842 856
842 861
842 872
842 936
842 961
842 962
842 963
842 973
842 977
842 984
842 998
843 867
843 872
843 884
843 895
843 904
843 905
843 910
843 921
843 925
843 929
843 930
843 931
843 934
843 957
843 975
843 981
843 982
843 986
843 989
844 857
844 864
844 887
844 889
844 895
844 903
844 913
844 916
844 922
844 928
844 935
844 944
844 948
844 955
845 858
845 870
845 879
845 887
845 896
845 902
845 915
845 927
845 933
845 939
845 943
845 956
845 960
845 966
845 973
845 978
845 991
845 992
845 994
845 995
846 856
846 872
846 880
846 896
846 938
846 962
846 963
846 973
846 977
846 982
846 985
847 880
847 883
847 887
847 897
847 912
847 920
847 924
847 938
847 940
847 945
847 953
847 956
847 976
847 978
848 860
848 875
848 880
848 883
848 900
848 919
848 925
848 939
848 942
848 958
848 969
848 970
848 972
848 980
848 983
848 987
848 990
848 993
848 994
849 860
849 889
849 893
849 901
849 911
849 930
849 947
849 951
849 954
849 957
849 959
849 960
849 961
849 974
849 976
849 977
849 997
850 859
850 860
850 864
850 869
850 885
850 895
850 896
850 925
850 933
850 942
850 958
850 961
850 962
850 964
850 969
850 970
850 972
850 978
850 980
850 983
850 993
850 995
851 863
851 873
851 885
851 899
851 904
851 905
851 908
851 910
851 930
851 931
851 934
851 952
851 955
851 975
851 976
851 981
851 984
851 987
852 857
852 858
852 881
852 883
852 889
852 894
852 914
852 937
852 949
852 960
852 964
852 973
852 980
852 998
853 867
853 874
853 904
853 905
853 908
853 909
853 910
853 929
853 930
853 952
853 953
853 958
853 975
853 981
854 855
854 868
854 869
854 874
854 884
854 900
854 907
854 922
854 926
854 930
854 961
854 980
854 989
855 863
855 909
855 915
855 918
855 924
855 939
855 954
855 982
855 986
855 990
856 861
856 872
856 934
856 936
856 937
856 962
856 963
856 969
856 987
856 992
857 858
857 870
857 881
857 894
857 914
857 930
857 973
857 998
858 870
858 879
858 896
858 910
858 912
858 915
858 923
858 927
858 943
858 966
858 991
858 992
858 994
859 860
859 871
859 875
859 880
859 916
859 925
859 942
859 958
859 961
859 965
859 966
859 969
859 970
859 972
859 980
859 983
859 993
860 875
860 880
860 899
860 909
860 925
860 934
860 942
860 958
860 959
860 961
860 969
860 970
860 972
860 977
860 980
860 983
860 993
861 872
861 875
861 887
861 962
861 963
861 969
861 970
861 973
861 980
862 864
862 875
862 902
862 931
862 932
862 933
862 939
862 945
862 946
862 967
862 968
862 986
862 991
862 995
862 996
862 997
863 886
863 909
863 918
863 924
863 929
863 939
863 944
863 954
863 960
863 963
863 965
863 982
863 990
863 994
864 877
864 893
864 913
864 916
864 922
864 928
864 935
864 944
864 950
864 981
864 984
864 989
865 885
865 904
865 910
865 920
865 940
865 949
865 960
865 978
865 984
865 987
865 992
866 878
866 886
866 887
866 893
866 909
866 918
866 926
866 930
866 939
866 950
866 954
866 967
866 977
866 982
866 990
866 995
866 998
867 873
867 900
867 905
867 914
867 929
867 934
867 952
867 958
867 965
867 975
867 981
867 992
867 995
868 869
868 874
868 888
868 890
868 898
868 903
868 907
868 913
868 918
868 926
868 946
868 970
868 971
868 973
868 989
868 992
869 873
869 890
869 903
869 908
869 916
869 926
869 930
869 965
869 976
869 983
869 989
869 991
870 879
870 886
870 906
870 915
870 927
870 931
870 941
870 943
870 955
870 959
870 960
870 970
870 982
870 991
870 992
871 887
871 891
871 892
871 898
871 908
871 919
871 923
871 940
871 942
871 956
871 959
871 962
871 965
871 967
871 974
871 999
872 905
872 908
872 943
872 953
872 962
872 963
872 968
872 977
872 990
873 904
873 909
873 910
873 929
873 930
873 934
873 975
873 978
873 981
873 991
873 993
873 997
873 999
874 877
874 884
874 890
874 902
874 903
874 907
874 940
874 947
874 970
874 984
875 880
875 897
875 927
875 942
875 958
875 961
875 963
875 969
875 970
875 972
875 978
875 980
875 983
875 988
875 993
876 879
876 887
876 890
876 891
876 892
876 898
876 919
876 923
876 925
876 945
876 951
876 964
876 965
876 968
876 970
876 974
877 881
877 886
877 893
877 913
877 914
877 928
877 947
877 960
877 968
877 977
877 988
878 881
878 884
878 890
878 907
878 913
878 918
878 922
878 926
878 964
878 966
878 974
878 988
878 989
879 881
879 892
879 896
879 904
879 915
879 917
879 926
879 927
879 929
879 938
879 939
879 941
879 943
879 949
879 960
879 966
879 973
879 991
879 992
879 994
880 931
880 942
880 944
880 958
880 961
880 965
880 969
880 970
880 972
880 973
880 978
880 980
880 983
880 985
880 993
880 994
880 998
881 894
881 914
881 940
881 946
881 954
881 963
881 973
881 981
881 998
882 885
882 890
882 899
882 900
882 924
882 931
882 935
882 937
882 948
882 949
882 950
882 976
882 980
882 984
883 906
883 912
883 920
883 940
883 946
883 949
883 951
883 953
883 970
883 975
883 978
883 984
883 986
883 993
883 997
884 890
884 895
884 903
884 907
884 921
884 926
884 941
884 944
884 962
884 963
884 989
884 995
885 899
885 900
885 924
885 930
885 937
885 950
885 976
885 979
885 984
885 993
885 996
885 998
886 896
886 898
886 905
886 910
886 918
886 928
886 929
886 932
886 939
886 954
886 982
886 990
886 998
887 891
887 892
887 898
887 913
887 919
887 925
887 936
887 956
887 962
887 964
887 965
887 974
887 976
887 996
888 890
888 903
888 907
888 920
888 925
888 926
888 935
888 939
888 942
888 952
888 966
888 975
888 986
888 987
888 988
888 989
888 993
889 895
889 897
889 901
889 911
889 921
889 932
889 951
889 957
889 959
889 985
889 989
889 994
889 997
890 903
890 920
890 923
890 926
890 946
890 974
890 978
890 988
890 989
890 998
891 892
891 898
891 915
891 919
891 923
891 925
891 953
891 956
891 963
891 964
891 965
891 974
892 893
892 898
892 919
892 923
892 925
892 956
892 964
892 965
892 971
892 974
892 978
892 986
892 998
893 895
893 902
893 903
893 907
893 913
893 922
893 935
893 940
893 944
893 955
894 897
894 901
894 914
894 923
894 926
894 957
894 969
894 972
894 973
894 994
894 998
895 896
895 912
895 917
895 931
895 932
895 945
895 948
895 967
895 968
895 970
895 971
895 986
895 988
895 993
895 995
895 996
895 999
896 912
896 915
896 927
896 941
896 943
896 958
896 960
896 966
896 967
896 973
896 991
896 992
896 994
897 914
897 920
897 922
897 945
897 957
897 972
897 973
897 979
897 998
898 911
898 919
898 921
898 923
898 925
898 931
898 937
898 956
898 960
898 964
898 965
898 969
898 974
898 982
898 990
898 997
899 900
899 937
899 950
899 960
899 967
899 970
899 974
899 976
899 979
899 984
899 991
899 994
900 907
900 938
900 946
900 950
900 969
900 976
900 979
900 981
900 984
900 985
901 903
901 911
901 926
901 938
901 951
901 955
901 957
901 959
901 970
901 985
901 987
901 988
901 997
902 917
902 921
902 928
902 931
902 945
902 950
902 955
902 959
902 960
902 967
902 971
902 978
902 980
902 986
902 988
902 990
902 991
902 995
902 996
902 999
903 904
903 907
903 913
903 926
903 940
903 956
903 989
903 999
904 905
904 908
904 910
904 918
904 919
904 934
904 945
904 949
904 975
904 980
904 981
904 985
905 908
905 910
905 930
905 944
905 952
905 969
905 974
905 975
905 977
905 981
906 920
906 932
906 940
906 945
906 946
906 949
906 953
906 960
906 978
906 981
906 986
906 987
906 992
906 998
907 908
907 923
907 972
907 978
907 989
907 995
907 998
908 910
908 929
908 930
908 934
908 949
908 961
908 967
908 975
908 979
908 981
908 985
908 991
909 917
909 918
909 924
909 939
909 945
909 950
909 954
909 976
909 990
909 992
909 996
910 951
910 952
910 956
910 957
910 966
910 970
910 975
910 977
910 981
910 996
911 924
911 938
911 947
911 959
911 967
911 985
911 994
911 997
912 924
912 940
912 946
912 949
912 953
912 978
912 987
912 992
912 998
913 916
913 918
913 922
913 928
913 935
913 951
913 955
913 957
913 966
913 971
913 974
913 997
914 929
914 934
914 940
914 954
914 965
914 973
914 977
914 987
914 998
915 923
915 926
915 927
915 930
915 934
915 941
915 943
915 955
915 960
915 965
915 966
915 986
915 987
915 991
915 993
915 994
916 923
916 926
916 928
916 935
916 940
916 955
916 992
916 998
917 931
917 945
917 948
917 949
917 958
917 962
917 967
917 968
917 985
917 986
917 988
917 991
917 994
917 996
917 999
918 924
918 932
918 933
918 939
918 954
918 968
918 982
918 990
918 994
919 923
919 935
919 952
919 956
919 965
919 973
919 974
919 979
919 983
919 995
920 927
920 932
920 936
920 946
920 949
920 953
920 970
920 978
920 987
921 924
921 928
921 931
921 932
921 933
921 942
921 945
921 952
921 966
921 967
921 968
921 971
921 973
921 976
921 988
921 995
922 935
922 941
922 944
922 955
922 970
922 977
922 979
922 999
923 925
923 927
923 928
923 951
923 956
923 964
923 965
923 974
923 982
923 996
923 997
924 939
924 954
924 982
924 990
924 997
925 939
925 943
925 956
925 964
925 965
925 969
925 970
925 973
925 974
925 995
926 937
926 941
926 976
926 982
926 988
926 989
926 990
926 992
927 933
927 943
927 945
927 946
927 954
927 955
927 960
927 964
927 966
927 969
927 977
927 991
927 994
928 935
928 942
928 944
928 945
928 982
928 984
928 991
928 994
929 930
929 934
929 941
929 952
929 962
929 981
929 983
930 934
930 947
930 952
930 973
930 975
930 977
930 981
930 993
931 933
931 945
931 948
931 956
931 958
931 961
931 971
931 986
931 988
931 995
931 996
931 999
932 933
932 941
932 945
932 948
932 967
932 968
932 971
932 982
932 988
932 993
932 995
932 996
932 999
933 945
933 948
933 950
933 955
933 966
933 967
933 971
933 975
933 981
933 986
933 988
933 991
933 995
933 996
933 999
934 952
934 960
934 969
934 974
934 975
934 976
934 982
934 990
934 993
934 999
935 937
935 940
935 942
935 955
935 968
935 973
935 978
935 982
935 985
935 986
935 997
936 944
936 962
936 963
936 977
936 987
936 992
936 995
936 998
937 950
937 958
937 967
937 971
937 976
937 979
937 984
938 947
938 948
938 951
938 957
938 958
938 959
938 971
938 972
938 973
938 983
938 985
938 997
939 948
939 963
939 968
939 982
939 988
939 990
939 993
939 999
940 946
940 949
940 953
940 978
940 982
940 987
940 998
941 943
941 947
941 953
941 960
941 962
941 966
941 981
941 982
941 988
941 991
941 992
941 994
942 954
942 958
942 961
942 968
942 969
942 970
942 972
942 979
942 980
942 983
942 985
942 989
942 993
943 960
943 963
943 964
943 965
943 968
943 971
943 979
943 983
943 991
943 992
944 946
944 962
944 963
944 993
944 994
944 998
945 967
945 971
945 979
945 986
945 988
945 993
945 995
945 996
945 999
946 949
946 951
946 953
946 959
946 972
946 978
946 987
946 999
947 951
947 953
947 957
947 958
947 959
947 966
947 967
947 974
947 976
947 987
947 997
948 949
948 959
948 966
948 968
948 971
948 974
948 975
948 977
948 986
948 988
948 991
948 996
948 999
949 953
949 965
949 978
949 987
950 952
950 954
950 957
950 971
950 976
950 979
950 981
950 984
951 954
951 957
951 959
951 985
951 992
951 997
952 962
952 963
952 973
952 975
952 981
952 988
952 992
953 961
953 962
953 968
953 974
953 978
953 987
953 988
953 999
954 955
954 957
954 959
954 963
954 979
954 982
954 991
954 997
955 959
955 963
955 965
955 979
955 986
956 964
956 965
956 967
956 974
956 983
956 984
956 988
957 959
957 961
957 969
957 985
957 991
957 997
958 961
958 968
958 969
958 970
958 971
958 972
958 980
958 991
958 993
958 994
958 997
958 998
959 972
959 978
959 985
959 997
959 998
960 963
960 966
960 980
960 991
960 992
960 993
960 994
960 995
961 969
961 970
961 972
961 979
961 980
961 983
961 988
961 993
962 966
962 974
962 976
962 977
962 986
962 991
963 974
963 977
963 980
963 981
964 965
964 974
964 976
964 984
965 974
965 980
965 990
965 994
966 972
966 976
966 979
966 980
966 984
966 991
966 992
966 994
966 996
966 997
967 968
967 971
967 985
967 986
967 988
967 989
967 990
967 991
967 995
967 996
968 971
968 988
968 989
968 995
968 996
968 999
969 970
969 972
969 980
969 983
969 989
969 993
969 996
970 972
970 980
970 983
970 988
970 992
970 993
970 995
970 996
971 986
971 987
971 988
971 992
971 995
971 996
971 999
972 973
972 980
972 982
972 983
972 993
973 976
973 998
974 985
974 989
974 995
974 997
975 977
975 984
975 994
976 979
976 984
976 993
976 999
977 982
977 986
977 988
977 991
977 992
978 984
978 987
978 988
978 989
978 990
979 983
979 984
979 995
979 996
980 983
980 984
980 985
980 988
980 993
981 983
981 986
981 988
981 989
982 985
982 986
982 987
982 988
982 989
982 990
983 984
983 985
983 992
983 993
983 996
984 990
985 995
985 997
986 988
986 994
986 995
986 996
986 997
986 999
987 997
988 990
988 995
988 996
988 999
989 991
989 992
989 993
989 996
989 998
991 992
991 994
991 995
991 997
991 999
992 994
995 996
995 999
996 999
