From,To,Time
170,109,0
46,135,2797
46,250,3304
2,226,4523
2,97,7926
12,116,19403
243,102,19560
189,108,21077
189,118,21280
162,158,21793
275,126,21799
189,104,22038
169,38,23175
169,259,23263
273,62,23553
273,11,23553
273,123,23553
273,160,23553
273,40,23553
273,45,23553
273,229,23553
273,265,23553
273,133,23553
273,178,23553
273,54,23553
273,89,23553
273,237,23553
273,157,23553
273,227,23553
273,122,23553
273,276,23553
165,216,23646
49,149,23652
235,194,23712
8,43,23813
125,115,24004
165,242,24076
121,270,24275
87,94,24522
87,120,24522
87,74,24522
87,245,24522
87,185,24522
253,280,24710
42,106,25325
202,51,25424
42,250,25431
260,223,25503
203,221,25597
207,84,25656
10,38,25811
266,153,25991
20,105,26225
20,43,26225
156,5,26272
156,41,26402
130,214,26872
130,203,26872
104,42,27094
222,177,27133
259,38,27145
222,132,27176
165,136,27235
165,263,27235
165,119,27235
222,263,27254
191,33,27343
200,53,27362
257,169,27408
165,174,27492
165,176,27492
165,86,27492
33,76,27598
256,47,27689
256,172,27689
256,168,27689
256,196,27689
256,269,27689
154,60,27718
222,23,28137
200,198,28150
42,63,28193
164,112,28260
164,138,28260
164,59,28260
164,260,28260
164,140,28260
124,251,28326
180,7,28393
16,249,28544
105,111,28555
275,244,28632
222,35,28784
183,195,28792
80,208,29445
108,32,29586
85,61,29670
85,210,29670
85,143,29670
127,142,29693
62,227,29736
62,133,29736
126,9,29824
74,245,29864
74,94,29864
193,226,29871
180,42,29928
161,181,29929
218,36,29998
13,267,30009
182,14,30072
166,242,30076
166,9,30076
73,56,30105
29,64,30274
129,151,30281
187,154,30392
125,132,30463
78,237,30470
81,258,30512
233,52,30698
57,148,30899
13,162,30932
18,184,30953
250,135,30970
25,65,31232
132,37,31258
132,115,31258
132,84,31258
10,279,31335
204,13,31377
82,246,31461
71,209,31471
147,247,31576
147,180,31576
62,264,31652
195,154,31721
195,213,31721
195,280,31721
276,76,31773
211,38,32006
215,241,32126
79,236,32180
79,50,32180
183,113,32305
31,61,32748
6,231,32901
210,17,32914
6,113,32993
91,121,33058
207,163,33082
198,68,33127
218,241,33315
218,215,33315
232,219,33352
164,188,33375
101,148,33383
167,46,33417
167,75,33417
167,24,33417
167,128,33417
165,66,33424
165,0,33424
165,271,33424
165,117,33424
165,4,33424
165,88,33424
165,199,33424
165,71,33424
165,205,33424
165,99,33424
165,277,33424
165,152,33424
165,134,33424
238,155,33587
165,143,33645
171,87,33650
180,19,33869
198,219,33938
218,217,34082
74,120,34128
54,165,34225
54,40,34225
54,122,34225
52,30,34383
3,31,34566
52,67,34713
96,162,35023
84,77,35224
84,115,35224
84,125,35224
153,109,35388
153,275,35388
153,234,35388
153,15,35388
153,26,35388
153,107,35388
153,126,35388
153,21,35388
153,70,35388
153,278,35388
153,144,35388
153,67,35388
153,228,35388
153,225,35388
153,103,35388
240,202,35420
22,169,35731
22,38,35731
281,272,35739
255,238,35995
255,230,35995
255,212,35995
255,150,35995
255,34,36092
255,72,36092
255,137,36092
255,145,36092
255,131,36092
255,110,36092
255,155,36092
255,159,36092
255,184,36092
255,220,36092
39,180,36324
92,1,36346
93,153,36473
108,110,36573
198,42,36632
198,100,36632
108,157,36666
108,238,36768
154,48,36838
62,139,36915
241,261,36941
147,139,36963
20,268,37139
20,62,37139
83,218,37243
100,19,37277
100,190,37277
100,197,37277
17,114,37399
275,225,37417
17,206,37684
17,277,37684
239,10,37939
239,201,37939
20,186,38045
180,247,38089
28,262,38249
28,146,38249
28,90,38249
198,179,38285
141,235,38287
210,248,38297
98,95,38315
214,197,38452
194,96,38549
194,204,38549
194,192,38549
194,252,38549
194,162,38549
194,13,38549
194,95,38549
27,173,38609
52,251,38708
18,42,38710
210,274,38779
224,63,38862
52,217,38886
281,55,38979
58,254,39106
52,69,39156
25,237,39437
25,273,39437
44,175,39458
44,171,39458
37,84,39759
55,61,39873
55,210,39873
55,69,39873
55,118,39873
55,134,39873
55,71,39873
55,209,39873
55,248,39873
55,4,39873
83,15,39967
82,180,40442
64,42,40989
64,100,40989
261,180,41678
261,56,41678
261,255,41678
261,246,41678
261,35,41678
181,180,41680
257,259,41736
261,19,42035
261,120,42035
261,43,42145
150,238,42360
150,110,42360
150,212,42360
150,72,42360
150,131,42360
241,162,42481
275,103,42548
275,107,42548
275,26,42548
275,15,42548
275,266,42548
275,21,42548
275,70,42548
275,170,42548
275,109,42548
275,236,42548
275,93,42548
275,278,42548
275,144,42548
275,136,42548
275,67,42548
45,42,42896
71,199,43089
71,9,43089
71,126,43089
83,42,43305
144,236,43455
64,216,43575
64,23,43575
64,19,43575
38,243,43801
67,2,44188
126,42,44439
266,93,44468
120,185,45081
101,113,45283
101,183,45283
101,50,45283
101,61,45283
101,274,45283
101,66,45283
101,281,45283
101,69,45283
101,3,45283
101,151,45283
200,108,45466
24,75,46091
106,218,46139
263,143,46441
202,2,46514
25,68,46563
272,154,46637
25,188,46806
221,19,46823
251,210,47001
72,98,47214
261,23,48013
258,42,48276
56,119,48344
11,237,48599
82,147,48766
82,237,48766
82,251,48766
144,103,48963
261,191,49068
261,76,49068
261,33,49068
7,147,49283
247,181,49993
263,271,50118
25,124,50372
245,120,51239
120,217,51391
174,199,52628
120,37,52791
62,45,53374
160,54,53377
9,113,53508
9,69,53508
9,121,53508
9,0,53508
9,272,53508
203,38,53560
124,8,54778
250,106,56866
250,175,57054
17,58,57132
30,280,57446
46,75,57958
251,197,57985
175,215,58249
204,96,59169
106,135,63009
185,218,63875
106,215,70082
90,104,88350
43,115,106053
115,119,109754
116,104,111965
119,233,112663
83,163,112789
100,23,113018
123,122,114031
123,227,114031
123,62,114031
263,219,115011
281,213,115692
58,19,116936
58,35,116936
58,177,116936
84,177,116971
108,40,117106
142,44,117197
113,148,117245
180,161,117394
180,139,117394
180,195,117394
169,263,118310
273,180,118829
19,56,118984
13,210,119345
245,185,120204
48,187,121344
153,236,121603
69,25,122177
50,236,122266
93,14,122853
132,35,123245
266,67,123809
38,19,123850
42,254,125057
81,64,125138
38,153,125254
63,124,125366
63,251,125366
62,43,126050
110,131,126250
201,153,126369
27,213,127048
14,68,130433
25,126,130534
262,104,131564
269,46,132496
272,121,132585
41,42,134250
206,42,134254
90,262,134796
198,149,134868
198,188,135001
263,198,135749
7,181,136023
82,161,136373
82,181,136373
82,9,136373
82,54,136373
82,7,136373
82,157,136373
198,216,137270
100,180,137609
100,147,137609
189,262,138162
218,63,138721
254,222,139253
254,35,139253
46,24,139512
42,81,140688
213,86,142006
180,63,142929
108,243,145510
108,45,145573
108,122,147096
108,176,148305
108,210,148570
56,35,198429
239,169,198722
40,210,199865
104,65,200496
273,42,200722
52,44,200734
176,199,201221
58,42,201356
100,42,201722
35,19,202074
214,63,202250
214,42,202250
63,172,202437
99,174,202999
99,0,202999
99,117,202999
99,4,202999
99,205,202999
99,143,202999
99,176,202999
99,152,202999
99,242,202999
99,134,202999
99,71,202999
99,66,202999
99,199,203090
202,53,203726
142,98,204001
163,35,205416
243,201,205497
202,182,206951
155,184,206981
155,18,206981
114,274,207507
63,65,207592
209,210,207718
58,158,208298
40,237,208872
63,250,209260
203,42,209324
6,60,210549
6,48,210549
83,63,210755
97,149,210763
42,15,210885
39,124,211131
42,54,212690
42,143,212755
42,165,212755
124,78,214905
182,97,215097
201,93,217854
45,276,218099
63,215,218190
215,250,218738
2,16,219027
237,45,219118
215,204,219878
100,210,220021
141,194,220615
216,153,221231
242,55,224646
94,218,225581
171,217,225672
141,267,225774
171,175,226008
171,76,226020
171,245,226716
251,147,226942
250,24,227439
94,245,229885
70,67,230171
46,245,231919
148,202,233219
148,226,233219
254,197,235765
160,40,235775
143,271,235842
17,198,241126
216,119,283735
23,56,286776
187,60,286831
56,216,287413
257,168,289103
261,46,289785
261,142,289785
25,31,290048
202,33,290162
31,114,290270
9,242,290410
261,141,290431
198,158,290486
161,139,291458
69,151,291534
216,188,291678
251,39,292563
25,235,293921
152,143,295397
139,7,295411
100,216,295710
216,17,296993
216,214,296993
216,180,296993
9,143,298145
9,55,298145
35,23,298665
133,11,299523
133,123,299523
133,45,299523
133,122,299523
133,265,299523
133,54,299523
133,157,299523
133,227,299523
133,229,299523
94,120,299931
62,160,300025
108,249,300240
77,132,300485
77,207,300485
42,247,300845
48,60,301265
35,255,301365
254,63,301690
254,14,301690
108,46,301800
58,83,302030
124,264,302151
189,182,302370
141,197,304521
34,155,304547
238,120,304815
25,280,305430
222,255,305833
63,197,305961
263,103,307373
89,227,307475
17,202,307475
83,14,307572
215,44,308611
215,158,308611
215,194,308611
71,242,309055
104,97,309133
267,215,309257
215,135,309924
58,15,310190
42,251,310430
258,63,310510
237,147,311879
237,251,311879
251,254,312098
251,106,312098
176,202,312779
242,133,313407
39,43,315861
42,197,318903
195,165,319027
44,217,322981
46,106,327098
254,2,332595
83,180,371815
83,178,371960
8,165,372273
8,251,372368
113,31,373941
225,134,374768
76,180,374867
76,247,374867
134,176,375480
141,96,375734
176,66,375785
6,187,376005
272,69,376574
184,238,376595
62,11,376647
62,229,376647
62,265,376647
62,237,376647
62,157,376647
62,122,376647
62,54,376647
42,207,377630
193,211,378610
134,143,378758
134,71,379327
134,4,379327
238,102,379711
161,76,379738
274,197,381143
274,31,381143
142,42,382772
264,165,383779
203,263,385551
255,180,386174
25,275,386539
25,216,386792
184,150,386956
184,145,386956
184,34,386956
184,72,386956
184,131,386956
184,137,386956
184,212,386956
184,110,386956
184,230,386956
184,159,386956
23,31,388420
106,171,388636
11,263,388839
120,106,388945
181,139,390995
230,155,391163
230,150,391163
124,237,393083
210,213,393433
47,172,393760
272,280,394102
272,270,394102
272,165,394637
239,153,394977
239,93,394977
58,153,396237
192,141,396286
19,197,396608
42,156,396732
100,254,397507
252,141,398163
238,35,398412
251,5,398881
270,55,399289
2,272,400637
2,270,400677
1,104,407232
2,180,411707
75,250,574592
198,38,581068
198,169,581068
46,36,602280
46,226,604250
226,250,621711
228,41,629882
133,160,630321
133,40,630321
133,89,630321
133,178,630321
133,237,630321
133,276,630321
272,253,630667
257,38,631925
14,58,632041
120,46,632081
257,218,632301
242,272,633189
251,217,634698
42,235,636032
176,86,636743
176,0,636743
176,143,636743
176,71,636743
176,242,636743
176,205,636743
139,273,638555
275,216,639747
153,232,641885
210,197,641990
165,147,642543
165,82,642543
165,9,642543
165,55,642543
165,237,642543
165,251,642543
225,176,643285
119,127,643636
25,198,644055
148,2,644069
222,17,646249
222,44,646249
222,230,646249
222,171,646249
118,126,646744
118,278,646744
118,50,646744
118,136,646744
118,280,646744
118,270,646744
118,154,646744
162,42,646991
42,237,647146
57,113,647188
17,191,648165
17,106,648165
31,129,648550
165,181,649824
13,141,650560
134,117,651026
261,94,652178
25,55,652195
89,54,652778
189,65,654483
42,5,654712
147,76,655313
236,103,655857
179,70,656224
18,137,658921
18,145,658921
18,110,658921
18,159,658921
18,238,658921
199,66,668661
2,267,676624
245,63,717734
73,83,719113
200,42,719615
23,254,719681
73,163,719993
170,29,721856
168,196,722198
135,120,723388
134,0,723903
134,66,723903
134,199,723903
134,174,723903
134,242,723903
134,152,723903
134,205,723903
101,226,725245
22,42,725399
238,145,726018
238,137,726018
238,131,726018
238,72,726018
238,34,726018
238,212,726018
238,110,726018
238,230,726018
238,159,726018
31,197,726338
36,120,727042
50,3,727273
42,211,727306
42,188,727650
14,165,727659
143,242,728045
241,135,728290
263,177,728584
246,254,728778
199,9,728872
199,126,728872
142,246,730173
229,45,731072
177,254,731089
214,219,731724
25,165,732502
177,246,732573
35,84,734610
177,233,734884
177,255,734884
177,63,734884
177,42,734884
177,132,735043
177,25,735043
97,65,738292
8,7,738741
25,9,739516
238,17,740523
30,92,741589
30,1,741589
229,122,743322
229,123,743322
251,43,749595
15,216,750173
15,198,750173
171,16,753482
171,154,753482
171,63,753669
171,42,753669
171,32,754734
171,238,755036
29,121,759046
108,113,801740
87,229,801805
142,254,805032
154,254,806004
179,109,806549
140,42,807242
175,120,807264
25,214,808044
120,75,808090
23,14,808600
58,180,808659
76,185,808902
76,74,808902
74,185,809002
74,33,809002
186,89,810035
41,244,810131
130,14,812253
130,58,812253
130,158,812253
78,45,815426
242,182,816238
75,226,816311
64,119,817060
232,58,817250
210,143,818912
7,157,819428
263,63,820662
181,33,821251
120,250,822735
242,45,824449
247,7,825150
269,47,825457
227,122,825950
51,114,826851
23,4,829918
23,150,829918
23,55,829918
23,65,829918
2,23,830641
23,158,830693
6,280,830945
205,174,831996
106,217,832016
106,241,834287
194,155,834498
194,171,834498
194,106,834498
194,150,834498
251,23,835253
106,74,836795
251,218,836842
251,135,836842
251,46,836842
251,155,836842
251,250,836842
251,194,836842
185,217,839750
251,274,840294
251,180,840893
147,210,844720
128,46,846101
226,202,850174
38,23,853639
124,165,889402
155,150,891059
119,275,892125
110,220,894192
50,281,894360
139,89,895485
58,246,896678
62,89,897031
238,254,897861
171,185,898097
14,17,898362
171,210,898625
253,187,898843
171,120,899109
280,231,900727
171,100,901891
196,244,902565
242,124,903565
232,198,905262
108,175,905644
233,42,905706
233,211,906333
69,281,907413
17,104,908289
82,19,908366
58,202,908495
42,39,914053
171,197,914643
263,251,914739
141,162,917991
24,87,980009
24,128,980344
85,169,984919
85,38,984919
206,63,1003851
226,267,1044466
40,178,1068729
250,214,1176517
126,103,1177399
242,25,1181360
202,203,1231407
243,40,1234332
141,204,1234827
141,95,1234827
213,42,1236722
100,52,1237818
179,67,1238296
142,226,1240034
23,216,1240546
136,15,1241087
31,101,1241176
31,151,1241176
82,210,1242298
56,255,1243440
30,231,1243694
216,147,1243754
194,267,1244086
232,52,1244458
172,13,1244511
267,204,1244631
247,82,1244836
242,152,1244942
242,140,1244983
265,45,1247016
100,214,1248049
263,154,1248967
215,46,1249089
34,150,1249258
62,39,1250608
221,201,1250751
62,124,1251404
124,48,1251419
82,55,1251527
100,25,1251582
25,159,1251999
76,202,1253786
202,118,1253921
202,80,1254124
17,68,1254511
31,183,1254998
31,57,1254998
35,59,1255242
178,240,1255273
9,51,1255778
35,177,1255825
25,82,1257649
221,214,1258883
98,127,1259049
210,61,1261166
17,149,1261185
76,38,1261529
82,11,1261753
82,186,1261753
82,122,1261753
76,7,1262077
102,184,1265141
118,6,1323039
118,15,1323039
71,270,1324162
51,50,1327723
51,27,1327723
51,205,1327723
210,31,1329720
210,165,1329720
210,180,1329720
210,211,1329720
224,42,1329881
133,78,1330221
42,263,1330615
180,106,1330876
247,9,1332145
147,195,1332777
169,232,1333789
54,45,1334866
142,171,1335451
214,198,1335597
68,219,1337420
126,154,1340532
108,51,1340794
132,207,1344442
132,81,1344442
143,237,1345773
210,216,1346063
175,218,1346358
106,94,1347781
106,175,1347781
149,104,1347862
120,42,1349575
44,46,1357162
2,46,1360921
135,167,1370489
46,218,1386575
166,165,1409051
211,239,1409744
23,141,1410515
120,180,1410573
226,76,1411795
134,166,1414017
22,63,1414338
110,145,1415236
221,164,1416360
135,94,1416374
135,175,1416374
135,74,1416374
250,128,1417051
97,189,1422239
216,149,1424556
17,209,1426113
203,222,1426317
10,169,1428358
174,117,1429128
247,161,1433100
247,139,1433100
247,195,1433100
148,3,1438020
202,267,1488742
202,130,1490847
235,192,1493105
235,162,1493105
42,17,1494212
251,17,1496268
124,17,1497982
202,86,1500017
29,223,1500201
25,60,1501838
71,4,1505310
155,254,1505579
106,44,1507321
100,222,1508424
100,155,1509188
175,185,1510370
35,165,1510551
35,14,1510551
19,23,1510821
74,215,1511024
74,175,1511024
83,81,1511373
25,250,1512423
222,197,1514511
222,258,1514511
171,46,1518376
6,253,1519216
25,258,1519987
124,9,1520042
25,64,1520295
120,255,1521125
46,110,1550063
82,197,1581412
141,150,1582687
141,106,1582687
141,155,1582687
230,137,1582858
221,202,1583728
272,117,1586100
210,86,1586811
255,25,1587845
102,65,1588936
170,179,1590117
71,117,1590517
157,181,1590863
9,202,1591092
145,137,1592998
163,81,1593612
155,42,1593718
120,44,1597378
211,169,1599634
58,275,1604649
58,26,1604649
215,35,1606193
216,68,1606330
232,70,1607137
2,120,1617480
148,280,1618294
276,62,1751562
198,64,1779335
86,9,1837305
130,42,1839223
75,106,1840580
263,127,1840924
263,142,1840924
143,251,1843259
25,251,1845800
196,47,1845846
143,158,1848203
263,16,1848261
14,155,1850350
14,150,1850350
28,30,1850687
31,69,1850802
106,24,1852273
50,280,1853421
14,273,1855679
2,224,1858904
263,160,1859766
221,188,1859801
236,280,1863335
25,154,1863340
106,142,1865375
253,113,1866525
94,2,1866872
254,158,1867602
43,105,1922992
43,124,1923054
43,264,1923139
141,215,1928831
141,171,1928831
19,251,1929104
19,214,1929104
19,143,1929104
19,237,1929104
163,82,1930770
19,147,1931140
53,33,1932696
78,229,1935341
247,202,1936743
171,250,1939508
100,143,1941056
82,143,1941318
113,4,1941376
25,45,1941754
143,197,1943354
253,154,1944523
119,180,1945539
227,276,1948384
180,52,1949479
63,100,1953138
63,64,1953138
63,235,1953138
63,194,1953138
63,147,1953138
63,211,1953138
63,275,1953138
63,156,1953138
2,171,1953359
213,280,1955923
24,2,1977552
51,213,2011597
38,63,2014860
81,35,2015139
200,144,2015913
247,63,2016963
99,215,2019297
6,213,2022222
180,55,2026291
84,81,2026941
160,240,2029024
160,237,2029093
95,162,2031838
95,252,2031838
95,192,2031838
252,13,2032104
215,18,2032443
190,197,2033442
162,192,2042960
216,143,2045706
216,67,2046758
225,9,2100883
38,42,2101779
172,42,2106756
19,73,2107126
120,58,2109062
230,212,2110104
272,118,2112179
70,278,2113892
120,132,2114705
45,157,2118625
83,197,2119003
108,143,2120468
263,76,2122935
101,129,2123709
124,76,2124726
175,36,2124785
177,44,2125526
130,198,2128017
232,221,2130916
232,130,2130916
189,90,2183092
255,19,2189323
42,124,2190180
38,35,2190902
123,39,2190917
123,43,2191052
123,264,2191084
85,219,2193147
253,228,2193225
8,263,2193699
122,40,2194484
160,229,2194585
120,63,2195376
221,243,2200449
263,213,2200566
132,14,2200645
132,138,2200645
132,48,2200645
132,178,2200645
132,58,2200645
132,59,2200645
212,110,2200787
143,202,2201467
120,233,2203494
143,166,2204867
143,71,2207962
210,42,2208201
218,35,2209190
210,9,2209658
210,118,2209658
210,272,2209658
210,270,2209658
36,171,2211181
160,45,2214991
274,17,2219202
69,2,2367279
245,217,2385660
213,61,2405054
157,276,2443611
216,169,2444737
216,39,2444737
200,164,2444940
131,230,2446407
198,197,2448086
42,9,2448991
179,278,2449510
41,37,2450811
170,278,2454416
23,177,2455922
23,279,2455922
100,182,2456357
43,240,2458519
64,219,2460763
120,76,2463450
135,150,2463965
182,42,2464314
106,185,2464695
76,257,2471035
210,45,2476258
182,149,2501757
131,212,2531390
96,235,2531808
96,192,2531808
96,95,2531808
96,13,2531808
96,267,2531808
169,42,2532426
16,219,2534124
176,271,2536491
157,11,2536539
157,123,2536539
157,160,2536539
157,40,2536539
157,229,2536539
157,265,2536539
157,89,2536539
157,178,2536539
157,54,2536539
157,237,2536539
157,227,2536539
157,122,2536539
67,103,2537459
108,82,2537594
25,161,2538046
20,161,2538236
139,195,2540143
72,130,2542483
210,194,2547394
42,78,2549496
25,181,2555255
46,94,2573663
60,280,2604175
40,82,2625001
230,141,2627921
180,124,2630403
8,209,2632256
259,45,2634733
250,94,2635678
108,273,2636464
19,254,2637568
82,123,2637584
82,45,2637584
82,229,2637584
82,265,2637584
82,133,2637584
41,9,2637839
267,162,2637959
89,124,2638443
120,241,2638662
122,243,2639415
168,16,2639644
98,202,2641096
225,109,2642633
281,183,2644497
46,217,2661152
143,254,2691117
191,76,2700615
253,183,2702998
253,281,2702998
253,176,2702998
253,71,2702998
253,213,2702998
31,207,2706437
169,102,2707424
232,216,2707964
120,83,2712147
23,233,2713725
258,58,2714319
137,155,2716681
44,250,2718379
25,206,2722253
262,146,2723116
145,150,2726328
100,70,2726958
177,99,2728670
63,55,2730659
254,198,2732011
124,55,2732028
206,23,2760679
200,166,2795891
259,206,2800745
17,130,2801688
7,39,2802267
19,222,2802579
178,52,2803466
35,100,2806302
258,14,2807427
126,278,2810037
23,197,2814593
2,101,2814841
222,65,2815934
222,194,2816143
35,85,2816262
52,119,2816429
222,150,2816462
222,3,2816517
222,113,2816582
222,237,2816645
222,214,2816688
222,4,2816784
35,251,2817110
35,143,2817148
35,61,2817308
35,147,2817333
35,210,2817455
35,68,2817485
35,40,2817555
35,126,2817599
35,106,2817718
113,3,2817722
35,155,2819039
218,42,2824054
210,106,2827171
143,66,2941377
108,3,3047420
275,42,3047723
6,228,3048413
147,40,3053557
275,35,3053962
9,251,3055452
247,40,3056026
42,193,3056622
225,126,3058378
9,197,3058595
67,234,3060027
67,93,3060027
67,109,3060027
166,42,3061258
59,138,3062576
145,230,3066760
214,65,3067697
64,109,3067968
64,136,3067968
139,227,3069111
246,149,3070426
120,218,3071311
222,68,3071656
222,126,3071656
50,27,3071687
28,280,3073818
161,7,3079271
253,254,3081843
38,222,3086667
272,55,3087620
24,245,3089741
38,216,3120199
142,58,3134684
211,243,3136253
14,153,3136407
175,32,3140758
274,35,3140945
222,234,3141052
57,101,3141979
222,149,3143159
222,243,3143368
222,55,3143620
222,210,3143620
222,106,3143650
222,156,3144533
272,228,3145876
222,21,3150488
214,23,3151865
280,202,3158690
165,63,3162315
25,120,3162319
16,35,3163224
213,228,3166687
106,158,3167011
44,218,3172689
181,147,3194824
43,76,3219752
133,38,3222783
133,124,3222783
164,214,3226914
149,65,3227313
100,149,3229691
51,174,3230708
100,17,3233201
63,168,3236092
63,143,3237973
206,164,3238578
230,34,3238788
230,72,3238788
230,159,3238788
230,18,3238788
230,110,3238788
143,67,3239877
142,158,3240847
204,162,3242754
225,170,3244050
225,107,3244050
225,26,3244050
225,266,3244050
225,103,3244050
225,21,3244050
225,15,3244050
225,70,3244050
225,236,3244050
225,67,3244050
225,244,3244050
225,144,3244050
225,136,3244050
225,278,3244050
225,93,3244050
56,100,3249014
152,199,3249285
277,240,3249435
168,269,3252657
118,4,3253234
118,69,3253234
182,102,3254134
251,222,3255353
259,218,3261556
221,130,3307522
119,258,3314093
268,58,3315044
205,117,3315245
203,169,3315331
170,126,3318239
35,63,3323303
259,211,3329075
190,158,3329652
2,216,3330440
239,257,3332132
214,38,3339074
113,151,3343920
106,150,3344418
17,175,3345001
17,214,3345003
133,240,3394379
106,33,3398167
255,191,3399838
113,69,3403556
170,50,3404135
118,8,3404525
9,52,3406372
260,29,3409860
120,23,3410029
142,197,3415644
73,254,3416383
236,2,3416423
236,202,3416423
102,248,3421498
102,255,3421905
281,4,3422420
226,87,3422636
226,230,3422989
213,3,3423815
86,166,3505349
54,237,3610121
235,267,3656156
186,54,3658114
19,81,3659940
63,9,3661817
52,143,3668005
15,19,3669399
264,251,3671946
254,60,3674284
254,118,3674284
254,280,3674284
254,67,3674284
254,6,3674284
235,95,3674316
254,263,3674675
254,25,3674675
108,38,3674690
28,65,3675998
100,258,3681083
236,240,3681855
65,35,3682348
251,105,3689274
38,218,3737771
17,103,3745064
77,37,3745502
178,197,3745609
77,14,3746301
77,115,3746301
77,58,3746301
77,25,3746301
77,35,3747052
184,33,3751144
38,254,3751845
50,148,3755079
198,109,3755087
14,81,3758458
45,11,3760763
159,155,3761226
213,143,3762697
213,152,3762697
35,31,3762914
83,153,3763771
18,63,3766518
194,198,3766783
86,17,3771239
251,198,3780970
146,90,3788155
50,205,3831373
172,80,3831896
172,168,3831896
263,153,3837053
159,37,3837090
36,74,3838575
58,141,3843592
76,168,3844047
155,197,3844913
155,177,3844913
18,34,3845067
267,58,3845119
120,19,3845603
127,177,3846498
58,211,3847683
120,100,3847983
2,208,3848623
6,154,3850101
25,211,3850719
180,35,3852366
180,222,3852366
185,33,3855791
188,23,3856854
29,68,3913653
13,235,3915086
198,210,3917061
78,11,3919708
78,54,3920437
168,47,3921151
206,200,3925021
206,112,3925021
206,138,3925021
206,53,3925021
206,59,3925021
206,260,3925021
206,166,3925021
246,251,3925118
81,197,3931352
120,128,3938239
65,90,4003432
204,63,4003726
204,42,4003726
85,160,4007441
31,281,4009529
38,3,4014376
1,90,4015854
17,213,4016669
17,55,4016669
17,4,4016669
25,48,4021373
143,246,4028397
2,105,4032385
2,153,4038624
171,218,4053589
171,35,4054403
171,43,4054403
171,261,4054403
171,260,4054403
103,23,4262517
118,61,4263470
118,281,4263470
118,71,4263470
118,209,4263470
118,134,4263470
118,248,4263470
218,74,4263898
42,14,4267414
242,271,4268828
222,15,4274182
22,222,4279711
22,35,4279711
25,137,4284785
25,187,4284858
274,209,4290777
43,23,4341398
38,237,4350137
38,251,4350187
38,147,4350306
38,149,4350441
247,83,4350480
38,274,4350961
38,109,4351052
38,210,4351107
38,143,4351137
75,217,4352928
155,210,4353557
25,56,4353614
147,161,4354532
263,110,4356016
185,44,4357569
7,9,4359653
19,247,4368607
51,99,4370240
142,63,4370650
19,141,4429381
108,264,4432304
63,198,4439658
19,215,4439841
19,198,4439841
19,103,4439841
182,12,4440490
215,171,4442989
215,155,4442989
42,209,4443863
8,213,4448071
278,15,4448110
222,130,4448997
42,150,4449825
222,155,4452184
222,238,4452184
222,188,4452268
150,171,4453580
222,250,4453807
190,19,4455489
180,14,4455598
108,146,4455972
255,23,4457260
80,235,4464752
167,250,4483895
226,0,4516854
209,124,4529793
209,45,4529793
213,55,4533116
52,198,4534570
56,198,4539823
246,63,4543333
70,68,4543865
182,263,4545658
274,61,4548109
178,14,4609505
42,190,4611262
238,76,4614628
202,55,4617971
202,174,4618166
226,13,4619659
31,50,4622941
198,119,4623827
160,186,4625244
164,53,4630489
119,190,4630939
218,87,4631935
23,25,4632016
23,17,4632016
23,52,4632016
85,23,4635698
106,197,4636372
100,97,4865536
79,174,4868497
58,250,4868770
170,67,4871293
202,131,4875350
24,110,4876389
276,202,4881000
274,3,4884073
47,263,4884934
25,279,4885059
26,109,4888011
231,148,4904286
146,97,4952008
25,143,4955089
25,61,4958464
222,274,4960453
222,31,4960453
222,109,4960601
222,275,4960601
35,149,4960871
222,143,4961083
222,165,4961083
222,279,4961200
35,197,4961311
222,211,4961426
35,258,4961550
35,141,4961840
35,194,4961840
35,237,4962575
35,273,4962575
35,64,4962678
159,131,4963786
62,186,4964124
14,44,4968374
25,130,4968879
35,120,4968949
62,78,4969811
235,204,4970098
143,205,4971303
17,197,4975457
35,44,4976394
35,17,4976752
146,280,4979650
240,111,5036637
240,180,5037238
149,158,5037783
79,3,5040965
132,255,5047574
132,83,5047574
132,141,5047574
25,139,5048750
83,31,5049465
83,109,5049746
83,234,5049746
83,275,5049746
83,211,5049883
83,156,5050052
83,210,5050181
83,165,5050261
83,143,5050261
83,38,5050638
83,251,5050717
83,147,5050897
83,237,5050988
83,273,5050988
83,149,5051112
83,141,5052268
83,194,5052268
83,255,5052463
83,155,5052463
83,261,5052541
83,106,5052742
83,64,5052866
83,214,5052940
83,215,5053309
83,258,5053430
83,190,5053557
83,82,5053778
83,198,5053834
160,11,5056510
160,123,5056510
160,265,5056510
160,178,5056510
160,227,5056510
160,89,5056510
160,122,5056510
31,19,5058457
256,91,5060862
80,58,5061560
155,145,5061746
23,119,5062056
23,246,5062056
23,58,5062056
85,25,5064387
174,143,5066716
2,17,5076199
181,78,5082856
52,109,5126391
263,136,5126954
63,153,5127346
164,166,5129596
52,103,5129969
259,85,5131326
141,2,5131338
275,52,5132680
43,40,5134371
256,208,5135567
256,80,5135567
211,23,5137381
279,19,5144455
165,19,5144518
11,229,5148167
180,246,5149512
177,14,5154626
196,51,5210327
58,134,5211147
71,281,5213012
281,209,5213353
179,234,5215230
91,208,5217651
91,196,5217651
91,168,5217651
91,172,5217651
91,47,5217651
91,80,5217651
222,63,5218119
222,42,5218119
134,158,5218623
186,7,5218926
42,4,5220693
53,19,5221348
204,95,5222543
90,280,5223572
179,19,5224559
211,19,5226192
188,37,5231371
25,19,5232956
14,213,5233769
215,217,5234168
102,262,5234399
210,19,5235279
38,2,5235283
102,30,5237367
106,19,5244954
219,26,5414294
219,42,5414294
219,35,5414294
219,222,5414294
219,221,5414294
219,67,5414294
219,130,5414294
209,251,5418012
209,237,5418012
223,219,5419783
209,69,5420327
155,39,5468918
155,147,5468918
38,102,5469384
43,19,5469714
238,106,5471151
238,215,5471307
58,279,5472557
82,62,5474686
82,139,5474686
82,264,5474686
82,39,5474686
82,78,5474686
82,89,5474686
119,120,5475263
119,141,5476567
47,80,5482253
52,171,5486750
100,251,5486768
127,279,5486897
31,165,5487897
31,100,5487897
100,177,5488963
108,218,5493334
209,246,5554232
149,19,5558952
240,237,5559846
247,197,5561208
64,246,5561905
64,222,5561905
165,246,5562075
81,165,5562502
211,165,5562579
211,64,5562579
279,198,5563277
64,141,5565235
81,141,5565879
64,255,5568199
177,141,5568668
279,35,5570983
279,100,5571030
177,3,5571187
279,246,5571246
279,14,5571289
177,209,5571354
177,55,5571354
177,165,5571354
182,65,5573366
211,255,5573552
211,141,5573552
211,201,5574521
30,116,5575403
255,207,5581556
255,14,5581556
255,263,5581556
255,42,5581556
255,58,5581556
255,246,5581556
245,25,5582421
218,169,5584972
119,100,5588633
119,211,5588633
119,279,5588633
119,19,5588633
44,87,5588770
10,198,5640711
106,155,5642144
258,19,5644572
177,19,5645454
199,143,5646586
137,198,5647096
279,37,5649533
64,180,5652203
257,10,5655572
257,201,5655572
257,211,5655706
38,202,5656717
108,61,5659294
7,41,5659643
211,180,5659818
18,255,5662231
70,234,5663860
171,19,5850989
194,38,6597780
171,127,6620829
16,103,6680342
19,155,6680361
276,186,6681180
45,2,6681714
29,109,6682785
165,273,6686403
165,180,6686403
209,213,6686634
165,106,6688445
239,198,6690725
212,76,6690978
25,113,6696821
189,149,6697046
106,143,6697133
25,200,6701001
25,6,6701291
160,76,6769016
214,218,6774552
9,147,6775281
9,237,6775281
159,42,6776958
208,254,6776998
130,175,6777171
130,215,6777171
108,274,6777548
183,61,6777675
202,82,6778606
33,82,6778952
130,218,6779295
13,58,6781913
120,222,6782090
120,14,6782499
176,3,6786441
163,222,6789261
103,198,6789855
46,25,6790449
136,109,6793014
46,175,6823458
100,37,6852725
25,33,6856869
199,42,6859910
177,81,6862394
177,197,6862394
23,165,6863755
25,203,6866272
225,99,6867862
87,106,6869918
210,27,6870132
165,67,6871293
25,106,6871430
162,37,6876152
206,14,6877448
237,210,6881302
68,130,6881718
68,221,6881718
17,81,6884167
143,147,6884488
103,246,6884681
23,180,6937535
263,208,6940151
8,210,6940182
170,48,6941170
170,129,6941274
142,25,6943947
58,156,6944368
238,52,6948597
119,108,6954888
68,246,6955779
2,33,6977609
247,78,7031046
164,202,7032507
69,109,7035653
147,194,7036195
147,106,7036195
147,171,7036195
251,171,7036828
12,149,7039043
102,202,7039628
25,5,7041155
165,118,7042657
92,146,7049259
15,251,7050707
15,143,7050835
254,37,7052574
15,197,7053116
236,253,7054166
102,97,7059064
167,120,7246143
46,185,7270459
263,28,7286157
260,202,7286328
58,243,7291073
103,58,7293507
172,196,7293786
69,226,7295006
120,56,7301292
280,113,7303386
25,219,7304756
194,158,7309160
262,30,7316036
142,87,7326699
100,106,7370600
219,2,7370639
14,104,7371414
62,161,7372306
87,217,7372553
46,142,7375349
41,5,7378334
127,58,7378404
14,15,7378908
276,54,7380470
222,78,7381212
150,142,7382081
106,204,7382555
18,142,7383472
132,246,7388551
25,107,7391164
135,75,7393382
38,165,7395049
63,130,7399340
219,169,7401424
219,38,7401424
219,109,7402396
247,2,7411559
44,33,7463397
44,191,7463397
120,24,7463443
188,263,7464022
254,215,7465378
37,46,7465419
25,274,7470804
25,210,7470804
67,253,7474800
119,219,7476073
171,74,7476706
63,104,7477757
110,155,7483488
185,94,7491103
63,31,7547688
240,251,7551777
78,186,7556108
7,195,7558594
48,253,7559420
48,109,7559420
42,149,7559608
116,149,7560791
263,246,7565247
226,247,7591853
240,11,7630941
275,233,7640911
58,169,7643123
69,114,7646227
132,43,7650365
132,25,7650365
151,148,7651656
2,175,7652763
38,17,7655658
9,209,7658657
214,26,7818064
52,194,7889446
58,165,7894977
67,278,7895768
18,131,7896781
18,150,7896781
18,212,7896781
18,72,7896781
263,70,7897905
170,266,7900502
58,25,7903905
94,142,7908672
195,76,7911509
147,202,7913134
269,196,7914262
189,12,7973518
263,176,7977303
263,55,7977303
17,63,7981801
97,30,7983489
25,14,7983957
254,81,7984847
17,164,7986812
25,149,7988027
186,237,7990832
43,160,7991339
127,120,7993379
185,36,7994489
25,248,7996604
53,166,7997707
2,142,8002804
147,214,8067229
45,122,8068620
45,123,8068620
45,40,8068620
45,89,8068620
45,178,8068620
45,227,8068620
177,108,8069790
198,153,8071695
198,278,8071695
31,148,8073882
177,76,8075110
193,9,8075870
25,17,8080834
221,25,8082898
277,82,8083538
127,76,8087517
26,254,8087853
263,126,8146019
189,25,8151628
247,237,8152513
110,202,8153530
0,4,8167849
123,263,8170567
247,45,8186560
171,198,8194339
240,54,8233379
247,186,8235242
83,44,8236566
249,169,8237263
101,202,8239160
63,58,8239231
43,180,8241097
43,78,8241653
210,79,8247459
25,199,8247607
153,136,8248425
108,161,8249921
71,0,8250795
177,214,8252102
154,113,8252516
210,277,8253411
108,124,8254039
152,263,8254211
254,278,8258947
177,251,8270966
250,254,8463649
255,106,8498223
34,159,8499542
215,94,8500905
255,196,8501074
255,80,8501074
165,197,8501352
165,100,8501352
32,120,8505869
26,278,8511349
47,208,8511611
23,275,8512583
7,143,8515755
7,229,8515755
7,89,8515755
7,55,8515755
7,54,8515755
7,124,8515755
7,45,8515755
7,133,8515755
7,78,8515755
7,66,8515755
7,62,8515755
7,11,8515755
7,264,8515755
202,209,8516118
199,205,8516404
25,272,8516835
189,28,8578814
30,182,8594564
155,158,8596714
96,202,8598404
276,237,8599072
169,153,8600705
182,118,8600906
180,202,8603285
209,173,8604932
105,39,8666003
86,209,8668144
153,170,8671656
43,186,8676304
199,242,8677518
200,260,8678353
52,56,8680988
223,164,8688990
205,242,8757711
239,38,8758426
263,124,8763100
42,184,8771795
226,269,8773199
86,157,8836648
146,182,8840502
193,153,8847495
63,81,8856411
222,82,8857980
112,53,8858477
108,123,8859013
103,278,8863240
23,237,8863704
188,219,8869333
226,218,8899887
103,202,9102074
159,110,9102362
159,145,9102362
159,137,9102362
281,114,9108016
136,278,9110354
148,60,9111052
96,83,9114992
156,19,9115512
237,178,9125673
120,215,9126003
148,48,9134941
148,253,9134941
148,187,9134941
148,154,9134941
148,6,9134941
148,254,9134941
68,42,9188476
9,149,9190338
186,157,9274131
113,274,9281765
94,33,9284333
41,82,9285291
25,150,9289059
100,158,9290308
163,210,9291596
41,8,9292014
95,163,9296163
53,102,9297242
214,169,9300010
171,75,9305384
107,197,9322044
107,109,9322044
107,278,9322044
189,263,9371682
266,239,9373908
147,42,9374916
258,254,9379274
258,197,9379274
177,198,9383250
82,273,9384403
214,52,9445878
70,15,9446444
70,26,9446444
70,126,9446444
70,103,9446444
70,228,9446444
70,136,9446444
58,178,9451891
2,222,9454849
237,122,9457484
237,227,9457484
237,89,9457484
237,265,9457484
237,123,9457484
237,229,9457484
257,102,9461137
52,258,9461816
159,226,9462395
98,120,9463737
98,171,9463737
279,42,9466026
101,197,9467765
202,154,9469634
44,76,9472693
36,25,9475254
117,242,9482330
142,198,9486109
38,68,9560697
38,100,9560787
225,222,9704572
196,80,9707798
93,170,9711541
97,12,9729509
169,222,9792999
25,96,9801026
190,81,9803406
69,148,9805184
39,76,9808399
103,197,9811828
2,75,9812156
143,0,9812318
258,158,9813619
180,186,9815609
143,55,9824200
218,250,9844288
46,202,9845171
46,76,9845171
46,267,9845171
174,66,9879433
252,192,9881375
194,197,9882643
0,55,9883638
82,111,9883901
120,142,9883911
80,168,9884395
185,215,9884590
119,222,9887231
101,254,9887537
263,54,9887983
279,177,9898743
2,147,9902023
56,197,9902081
29,126,9925082
6,57,9954567
141,233,9965375
186,76,9970701
14,222,9981306
108,54,9982402
52,126,10052589
124,105,10053758
9,17,10054235
119,188,10061625
250,35,10062877
54,178,10070489
196,171,10072813
213,66,10074768
100,237,10309624
100,55,10309624
201,33,10313757
132,112,10317485
132,23,10317485
132,249,10317485
132,248,10317485
202,213,10319209
127,196,10321324
25,169,10323348
155,235,10325439
281,153,10327830
76,139,10332066
52,61,10396603
14,136,10402062
250,14,10403034
25,38,10407656
183,154,10412783
120,155,10420118
120,191,10420118
120,33,10420118
7,25,10421451
86,143,10478200
86,5,10478200
86,242,10478740
51,242,10481819
246,25,10483978
0,209,10485291
41,25,10488776
214,35,10495244
76,94,10496515
190,63,10497121
170,15,10501362
182,262,10505127
264,2,10507654
123,7,10567294
135,218,10570014
67,68,10571271
67,232,10573532
231,270,10578044
263,236,10580335
25,119,10582466
199,166,10583053
171,155,10595595
25,264,10658328
202,119,10665820
161,42,10666920
25,155,10667323
214,254,10669848
33,42,10671197
170,196,10675885
226,17,10676580
25,147,10679985
25,180,10679985
222,5,10681863
222,39,10682495
222,142,10682782
95,267,10683256
162,143,10687868
153,179,10696950
97,112,10912955
119,150,10915356
214,158,10918718
143,225,10918764
152,51,10919012
71,225,10921518
199,225,10934930
198,70,10935756
45,143,10936020
63,106,10937132
76,105,10957735
174,225,11004518
202,153,11006397
100,81,11010960
174,176,11013078
153,68,11024741
135,18,11051811
106,18,11087250
119,103,11088725
251,81,11089174
236,170,11097296
46,18,11123849
38,130,11169281
0,174,11172035
0,271,11172035
0,117,11172035
0,88,11172035
0,199,11172035
0,205,11172035
0,277,11172035
0,152,11172035
0,242,11172035
0,66,11172035
47,42,11175969
81,233,11177387
120,254,11178074
135,24,11179109
263,214,11180969
100,246,11189821
199,86,11202014
266,179,11261200
119,156,11265142
160,78,11269101
142,35,11273896
18,250,11274374
18,218,11274374
103,26,11275203
199,246,11275797
126,136,11467223
199,4,11473006
108,55,11516561
23,258,11517688
25,141,11517885
58,190,11525708
25,218,11525752
202,70,11526089
275,14,11531928
17,143,11532995
17,237,11532995
25,204,11533658
2,165,11537384
86,55,11543245
270,281,11554346
222,56,11602000
222,246,11602000
222,233,11602000
133,2,11606261
35,243,11607044
52,219,11612923
190,198,11615287
223,153,11626427
29,214,11666101
23,198,11693107
100,2,11693782
240,247,11704388
193,2,11704449
47,202,11707881
221,58,11710974
268,169,11711553
268,21,11711553
268,206,11711553
268,38,11711553
268,234,11711553
268,239,11711553
268,198,11711553
268,70,11711553
268,219,11711553
268,130,11711553
252,235,11715240
252,267,11715240
103,81,11716080
154,280,11721216
154,170,11721475
171,135,11731093
38,201,11774374
248,237,11780394
96,63,11780559
58,119,11793042
218,210,11794215
218,194,11794215
25,18,11800753
147,240,11803471
31,42,11867034
52,104,11868122
62,8,11870181
106,36,11874469
224,25,11877362
178,186,11879687
136,242,11881396
180,264,11882043
180,123,11882065
58,55,11886669
106,220,11888663
250,185,11913554
277,206,12119747
278,109,12133462
2,106,12135172
25,44,12139607
108,99,12140056
108,5,12140182
108,174,12140342
28,1,12142020
144,8,12147079
203,158,12155397
221,239,12210437
238,84,12219164
238,132,12219265
281,100,12220140
252,250,12230171
39,8,12230920
101,246,12234106
25,247,12297843
29,219,12298011
135,220,12308805
95,106,12309994
58,215,12312284
17,158,12316745
252,46,12326542
155,217,12331698
141,56,12380675
25,3,12395370
23,72,12402410
275,100,12403220
250,220,12415771
9,102,12421193
32,217,12439308
18,220,12440041
246,202,12479606
119,273,12480316
263,197,12491035
214,251,12499264
195,31,12689665
177,252,12733023
9,243,12745790
255,215,12748792
35,228,12749144
71,82,12759238
118,41,12759465
69,274,12810844
169,130,12810930
132,261,12814699
132,180,12814699
132,20,12814699
263,149,12825173
108,265,12845342
108,152,12845533
100,278,12907659
67,184,12914934
67,270,12914934
63,12,12918283
9,213,12923598
130,257,12927193
82,86,12988666
221,119,12989368
25,8,12999947
210,104,13001479
210,149,13001479
210,214,13001479
202,124,13005696
202,99,13006308
25,51,13007102
35,15,13007301
171,81,13007977
267,192,13018210
82,195,13018864
17,135,13021395
143,148,13029747
247,16,13072035
95,135,13076661
103,177,13082214
191,151,13084018
199,2,13084182
199,202,13084182
208,42,13084576
184,23,13085758
137,23,13092169
56,194,13092313
176,166,13096250
75,128,13118513
15,254,13333859
236,3,13338698
108,44,13344388
108,95,13344574
246,14,13346292
97,263,13346501
25,0,13349992
166,263,13352322
116,262,13357886
17,133,13360099
190,2,13360286
148,281,13366362
18,23,13415742
231,71,13416306
104,182,13416944
197,163,13424445
108,188,13426932
108,204,13429598
135,63,13433589
230,56,13434790
230,120,13434790
230,25,13434790
230,35,13434790
230,220,13434790
100,72,13436990
2,143,13437574
147,23,13449814
133,9,13463711
35,130,13503808
119,70,13505784
119,153,13505784
119,68,13505784
99,23,13510112
42,215,13515364
249,242,13524607
162,17,13530914
203,211,13531229
177,124,13531688
153,7,13532011
44,17,13533580
148,270,13552219
41,143,13592999
41,242,13592999
163,254,13607404
193,202,13607658
202,151,13609710
179,103,13614101
166,246,13614164
270,143,13622006
17,147,13622740
211,177,13678524
108,252,13679888
42,113,13681487
120,214,13687476
262,280,13691838
2,167,13822060
118,197,13933662
108,57,13935253
71,183,13938212
176,183,13940021
257,85,13942130
136,78,13944797
247,158,13946396
178,82,13956314
127,185,13957434
82,15,13961468
144,67,13962625
144,143,13962625
160,195,13964231
274,143,13970906
38,40,13978612
108,137,14025130
239,85,14025608
118,9,14029943
54,9,14036183
276,160,14038677
24,94,14043780
42,96,14045418
17,184,14049773
178,247,14055365
178,76,14055876
17,82,14110936
17,33,14110936
17,155,14110936
82,76,14113448
82,103,14113825
167,269,14115296
202,200,14122554
178,276,14123439
25,175,14126619
203,198,14129107
189,42,14135810
98,167,14137426
42,141,14141188
186,111,14198659
44,98,14204753
25,22,14205051
72,202,14220781
277,2,14234907
274,237,14289013
44,204,14295510
108,66,14301400
72,120,14307439
35,70,14549206
63,119,14553926
218,32,14556390
194,254,14560483
42,55,14560639
25,135,14561155
25,27,14561155
268,42,14563266
63,68,14564467
237,194,14565935
94,25,14568684
32,98,14593678
225,40,14627376
251,190,14628273
190,194,14634358
214,194,14635031
180,41,14639711
63,268,14640788
190,171,14645925
190,106,14645925
190,147,14645925
178,78,14648279
171,102,14661302
246,155,14721823
275,246,14723537
75,175,14726656
45,63,14729819
25,15,14731012
80,13,14733474
32,245,14738135
171,214,14740118
106,214,14740470
199,271,14743652
199,117,14743652
199,277,14743652
199,88,14743652
251,247,14747649
147,218,14751906
190,247,14799130
190,218,14799130
214,247,14804321
124,227,14825424
72,155,14829073
253,60,14829842
121,109,14877243
33,46,14890573
25,232,14896429
246,3,14897415
218,246,14907435
55,176,14911622
55,6,14911622
55,21,14911622
209,27,14911873
178,11,14921465
251,55,15232515
83,254,15240069
170,191,15241209
25,13,15242304
35,104,15252305
278,35,15255103
207,81,15323048
102,146,15332947
102,12,15333056
102,1,15334729
189,1,15336164
121,154,15337936
222,209,15343926
51,61,15344932
142,155,15345403
258,233,15346286
222,186,15405427
35,103,15409689
119,31,15413843
162,44,15424812
152,176,15426706
22,130,15432380
168,208,15434378
2,182,15445501
3,174,15510555
246,184,15511595
56,98,15513206
223,263,15514187
222,278,15517416
222,153,15517642
52,176,15517673
222,70,15517704
222,60,15518279
222,9,15518693
222,247,15519064
222,242,15519086
222,166,15519159
222,26,15519214
278,93,15752746
278,7,15752746
278,266,15752746
132,100,15754823
132,160,15754823
132,119,15754823
132,73,15754823
132,124,15754823
132,31,15755025
275,190,15759730
275,268,15760060
275,219,15760254
275,254,15760795
275,37,15760980
275,198,15761582
275,19,15761608
275,177,15761674
275,263,15761701
252,96,15763526
252,162,15763526
252,204,15763526
108,47,15768051
17,218,15772245
17,203,15772245
17,169,15772245
17,232,15772245
25,104,15774759
266,7,15838057
266,103,15838057
185,202,15842348
53,17,15844674
139,42,15846861
17,52,15850196
87,46,15852482
143,3,15856547
246,215,15857055
26,126,15857991
25,152,15858133
39,17,15858519
200,17,15859909
221,17,15861408
87,76,15863715
87,33,15863715
87,191,15863715
68,169,15865236
252,98,15929853
25,53,15930408
275,38,15932165
38,278,15939180
190,219,15941231
190,109,15941231
143,23,15944578
58,238,15947527
119,17,15948020
203,35,15953193
259,102,15967031
62,247,16007055
17,248,16011312
42,238,16012415
231,48,16014600
231,253,16014600
231,187,16014600
231,154,16014600
231,254,16014600
231,60,16014600
126,180,16015811
14,96,16020120
262,12,16020251
247,56,16033889
25,12,16035797
103,169,16043997
190,67,16092908
38,95,16106581
108,171,16106929
25,166,16115338
199,67,16123155
192,38,16126410
24,217,16130214
22,153,16131871
200,102,16526021
100,14,16532213
100,58,16532213
34,102,16545248
35,166,16551179
35,82,16551179
100,150,16559196
100,194,16559196
166,243,16631599
142,137,16634205
250,217,16711662
246,153,16712777
7,237,16716453
68,109,16960822
237,63,16963180
177,238,16970810
238,246,16974315
85,109,16976621
44,2,16977324
56,251,16981761
25,62,16983089
252,238,16985145
28,97,16991661
246,211,17048259
100,130,17051221
158,55,17055247
266,198,17065260
25,184,17068239
25,39,17068834
25,278,17069254
25,267,17070390
182,246,17138342
87,100,17138906
73,246,17142342
25,54,17142878
120,246,17143050
25,66,17147250
233,17,17148753
208,172,17150713
193,243,17151321
82,240,17156585
222,270,17157719
120,197,17161522
38,119,17217734
262,97,17228875
28,182,17230466
82,8,17231041
106,37,17235666
114,61,17237732
25,151,17238484
31,246,17240481
273,246,17240768
28,104,17241373
263,132,17241842
108,155,17308853
171,158,17316329
35,55,17316395
266,246,17322523
273,7,17322700
76,53,17325685
110,171,17327833
35,4,17328205
82,63,17331467
15,234,17335573
263,221,17565548
152,166,17567370
152,157,17567654
119,246,17569425
177,196,17569536
37,268,17571588
198,22,17578182
198,224,17578182
141,246,17580335
55,113,17582027
55,3,17582144
218,13,17582371
108,89,17582796
55,126,17583111
25,133,17586859
70,190,17587042
229,40,17587806
229,265,17587806
229,89,17587806
229,276,17587806
229,227,17587806
229,54,17587806
229,178,17587806
245,226,17587913
25,40,17589510
36,44,17589680
1,97,17591421
209,4,17601081
25,101,17653793
25,129,17654764
278,63,17657686
268,246,17661289
63,178,17666722
63,273,17667740
108,227,17668242
277,143,17741764
210,63,17742929
180,237,17752041
58,70,17758058
81,246,17758935
35,156,17761808
35,211,17763136
24,218,17763995
35,191,17766024
171,67,17771631
147,55,17823240
151,0,17827030
182,272,17828541
25,81,17828698
19,17,17841520
246,86,17841787
35,25,17842852
197,233,17845946
279,180,17848078
257,263,17902361
99,109,17912578
158,278,17927407
63,158,17931213
143,149,18175980
70,14,18177451
25,243,18178064
0,281,18179297
178,35,18179931
2,8,18184840
17,56,18188549
3,171,18191420
42,12,18192002
99,35,18194605
143,54,18194674
143,40,18195593
170,2,18200033
0,118,18202031
25,238,18263471
35,109,18263683
273,247,18264149
269,202,18272939
119,254,18281498
119,210,18281498
119,214,18281498
119,197,18281498
119,81,18281498
119,65,18281498
119,237,18281498
119,155,18281498
149,54,18283727
28,116,18283777
242,149,18346462
242,251,18346681
202,230,18347649
86,42,18348469
129,187,18350295
222,195,18350476
221,96,18356933
108,74,18372335
100,217,18429472
156,246,18432159
169,177,18441958
72,246,18444865
242,157,18445335
17,40,18451858
99,270,18452212
54,11,18453074
106,191,18460414
39,264,18462916
38,55,18524715
206,158,18530571
76,260,18534505
206,100,18534643
222,273,18538013
63,185,18541324
215,148,18610022
247,55,18622312
146,116,18775261
120,131,18777456
273,67,18778231
148,61,18785608
142,33,18786855
24,226,18794629
25,182,18795080
25,87,18795188
25,136,18795349
211,197,18797434
18,33,18801123
2,225,18804304
242,54,18815729
211,52,18860572
277,66,18863517
277,174,18863517
277,271,18863517
277,117,18863517
277,4,18863517
277,134,18863517
277,88,18863517
277,242,18863517
277,152,18863517
277,99,18863517
277,176,18863517
277,71,18863517
277,205,18863517
236,126,18864632
225,17,18867098
132,109,18872873
132,85,18872873
132,155,18872969
82,242,18888369
143,198,18892895
38,197,18911439
272,51,18951164
180,158,18955963
2,72,18976594
210,254,18977325
210,246,18977325
211,100,19032886
108,164,19040281
108,8,19040369
240,166,19043991
124,79,19044442
142,167,19046780
53,63,19047978
185,72,19058667
207,177,19122532
120,226,19122701
100,82,19123854
108,250,19125440
55,8,19131619
9,246,19140770
249,238,19141802
213,166,19142283
85,147,19142793
180,254,19149124
63,149,19379634
55,228,19386124
23,202,19386539
25,260,19393240
69,3,19394224
74,98,19397882
123,247,19401026
76,130,19406947
119,255,19410784
106,149,19412699
171,254,19412712
180,56,19432991
35,101,19471028
249,143,19471075
35,21,19471795
35,172,19471972
70,109,19472626
35,86,19472994
35,213,19472994
35,209,19472994
35,186,19473341
182,226,19475733
132,63,19476877
132,42,19476877
238,2,19477864
275,64,19478134
275,211,19478134
275,180,19478134
275,258,19478134
275,165,19478134
275,31,19478134
275,273,19478134
275,141,19478134
275,279,19478134
275,255,19478134
275,261,19478134
25,63,19486159
3,66,19486878
244,2,19487193
135,33,19487921
143,109,19488213
171,177,19496359
94,36,19561851
35,272,19570642
222,147,19572010
222,40,19572636
222,198,19575074
222,61,19575262
222,232,19576968
222,85,19577378
149,254,19582583
125,119,19642487
35,5,19645228
280,121,19651761
123,124,19652643
273,143,19652803
273,144,19652803
132,95,19659057
22,58,19659406
177,149,19662488
232,56,19669731
158,148,19671727
38,177,19685736
215,69,19730961
177,143,19735274
204,158,19745469
0,272,19747217
147,124,19935900
147,54,19987835
171,202,19996322
262,272,19997290
123,54,20005116
76,237,20010072
281,134,20071878
200,263,20078379
196,208,20080873
25,122,20093664
190,155,20154861
131,155,20161660
169,70,20163714
143,214,20165281
139,54,20169452
272,146,20174056
58,93,20243314
78,139,20255282
120,177,20257044
110,72,20257054
250,197,20259744
100,225,20263088
120,17,20263558
130,143,20288417
2,98,20290384
41,15,20339645
142,14,20351666
63,127,20356882
63,19,20356882
63,279,20356882
63,141,20356883
63,155,20356883
63,255,20356883
63,40,20356883
120,108,20361438
100,274,20592351
221,182,20597403
28,272,20604931
71,6,20609777
118,242,20611395
186,242,20612212
233,63,20613327
182,214,20616798
106,127,20622185
6,202,20629661
151,71,20636094
76,251,20685999
17,150,20687180
58,230,20694770
171,34,20698857
87,98,20698882
87,36,20698882
137,72,20759422
108,106,20771113
152,271,20773421
33,171,20775993
185,25,20778587
244,9,20787167
251,144,20794468
251,149,20795065
62,111,20850842
120,67,20854810
56,190,20854942
199,35,20868923
199,222,20868923
236,124,20869505
63,37,20871720
44,245,20873518
25,74,20935195
177,273,20942078
82,14,20944154
48,215,20945128
158,202,20946789
74,238,20950758
71,152,20950826
76,230,20959076
162,215,20966752
142,100,21198326
25,128,21201876
75,215,21209801
100,202,21213479
179,93,21215029
137,150,21224489
263,45,21280747
76,150,21283562
213,242,21287061
14,169,21295036
76,273,21301992
98,218,21314774
180,177,21324499
152,202,21373463
15,63,21373547
245,98,21377270
106,226,21380991
177,166,21389348
38,215,21467227
38,226,21467228
100,46,21477937
71,69,21481711
71,272,21481754
71,61,21481901
210,3,21482556
102,210,21483400
54,210,21484318
27,253,21547941
226,41,21665400
42,232,21801902
108,56,21802524
198,147,21805037
44,210,21810436
157,42,21812445
174,271,21816845
171,24,21818444
76,194,21823971
213,157,21827438
213,251,21827438
213,237,21827438
227,161,21885424
55,117,21897625
130,210,21897644
108,11,21898875
72,142,21905854
246,18,21909920
170,103,21910038
246,46,21973606
76,169,21974146
150,217,21995509
251,7,21999359
250,56,22001501
157,161,22061158
157,247,22061158
76,111,22065426
76,78,22065426
76,181,22065426
76,8,22065426
20,76,22065700
76,239,22066519
76,211,22066519
76,243,22066519
135,42,22074538
178,277,22076811
46,254,22080273
143,117,22097186
104,125,22146464
139,157,22150458
145,131,22152167
178,37,22155437
119,171,22165461
110,42,22167195
246,189,22169336
66,152,22169688
76,196,22405762
189,102,22406699
175,226,22407417
185,98,22419019
100,189,22419380
265,124,22419570
14,268,22423780
14,156,22423780
14,127,22424038
14,141,22424038
14,31,22424038
14,64,22424530
14,211,22424530
36,32,22427240
171,206,22427614
250,245,22428555
214,246,22429849
12,263,22430066
46,63,22457338
29,246,22458102
263,239,22496385
129,113,22497494
250,98,22501580
246,57,22507176
246,50,22514518
100,104,22583448
131,72,22584812
42,202,22585206
67,202,22586618
222,218,22587188
159,72,22592676
100,68,22595058
182,116,22596061
260,43,22597228
260,261,22597228
260,35,22597228
260,16,22597228
120,184,22600132
120,18,22600132
168,42,22601505
226,6,22635859
129,107,22672512
81,7,22676926
246,169,22679844
246,24,22680694
246,48,22680981
35,137,22686403
35,150,22686403
35,133,22686403
35,39,22686403
185,24,22691555
263,38,22749336
56,38,22750880
110,170,22754603
124,40,22758156
127,202,22765438
202,7,23013607
14,202,23033633
249,17,23095829
108,41,23104098
133,42,23114139
115,81,23115351
42,119,23116976
31,37,23118909
178,265,23129842
51,147,23187366
35,76,23189698
246,13,23268589
100,184,23277360
100,273,23283218
206,126,23290396
239,33,23292013
204,76,23361506
132,240,23365033
246,267,23365969
44,51,23618460
97,42,23619405
205,66,23632944
113,60,23634320
166,14,23637846
238,143,23701842
214,56,23704578
274,148,23707110
218,119,23720329
245,246,23730619
270,154,23733708
270,50,23733708
270,126,23733708
270,278,23733708
270,136,23733708
270,280,23733708
188,158,23791795
176,117,23793713
238,158,23872152
110,137,23876972
86,117,23878527
257,81,23887106
17,95,23894184
119,169,23976371
178,62,23978673
178,89,23978886
42,46,23984383
135,185,24004513
180,143,24226839
274,151,24236021
38,58,24268764
254,237,24307075
254,147,24307075
247,108,24322638
94,167,24327406
35,78,24332633
263,26,24398370
263,199,24403203
142,217,24407093
273,19,24413520
276,122,24482785
276,11,24482785
276,123,24482785
276,40,24482785
276,265,24482785
276,89,24482785
188,35,24483010
37,200,24490906
263,237,24500208
121,148,24503880
92,97,24503962
210,124,24508642
223,25,24571341
263,207,24576399
238,202,24584698
25,34,24828561
263,243,24830955
147,226,24837987
58,198,25019452
242,254,25088619
142,77,25093247
263,4,25106762
15,103,25111063
263,36,25115020
137,42,25165579
51,58,25170829
263,15,25188830
263,174,25196578
25,186,25446681
75,185,25521045
45,118,25532421
226,33,25533483
75,25,25543304
185,226,25605296
159,215,25605620
127,25,25612447
45,186,25617634
63,33,25621930
0,69,25626485
101,187,25697696
99,271,25711354
199,147,25777980
25,57,25793663
78,276,26037915
189,35,26038647
189,222,26038647
41,81,26039802
132,185,26041263
199,254,26049153
215,32,26053010
273,186,26121170
37,147,26140256
100,67,26205651
16,42,26214291
63,69,26215346
226,74,26280266
222,141,26314885
63,47,26315555
250,261,26315975
222,228,26316941
222,86,26318151
261,106,26319350
99,206,26382406
106,245,26393656
106,72,26394129
69,4,26395775
2,168,26417446
108,104,26645544
71,213,26647732
100,199,26651779
108,270,26659187
38,232,26661420
142,206,26683377
38,70,26734215
7,17,26738245
86,118,26742195
55,109,26811220
55,129,26811220
202,211,26824557
142,194,26832243
243,202,26834959
119,206,26835103
263,14,26900797
72,212,26907675
147,108,26985546
0,42,26995191
14,198,26997732
135,269,26998648
141,52,27247481
0,3,27252995
246,278,27263278
34,137,27335725
169,67,27338986
74,24,27343489
119,67,27349675
210,4,27353819
210,202,27358665
37,75,27433696
263,168,27450786
2,185,27476690
204,247,27504598
64,56,27506560
221,108,27508434
151,226,27517339
246,104,27520877
246,237,27521231
106,274,27550406
106,237,27550406
163,42,27590327
147,33,27594096
86,263,27594800
199,154,27847465
226,143,27848004
180,54,27852709
135,217,27864472
257,203,27864916
100,126,27868960
100,268,27868960
261,17,27871455
63,261,27871848
17,67,27875130
74,32,27886435
197,55,27930896
218,261,27945874
63,85,27947931
225,246,27948899
246,221,27958086
120,263,27959354
154,67,27966775
44,246,27970522
44,63,27970522
222,67,28023919
53,260,28024128
53,59,28027933
33,105,28028560
87,246,28033003
246,85,28039134
98,238,28041001
263,67,28107974
153,42,28112688
131,261,28123732
246,280,28125025
80,246,28128948
103,21,28134985
143,155,28136458
51,281,28152446
54,227,28195966
63,238,28197445
54,265,28198693
46,263,28198996
63,41,28199182
100,218,28205670
120,210,28215078
72,145,28218897
72,220,28218897
72,34,28218897
218,52,28374549
141,202,28463865
25,225,28477402
56,68,28478831
130,197,28536351
71,114,28545984
177,258,28550728
177,4,28551159
177,274,28552380
177,278,28552549
177,267,28552641
177,194,28552641
177,150,28552939
177,72,28552939
177,106,28553227
177,31,28554366
177,101,28554366
178,166,28557119
117,254,28558259
178,195,28559171
63,203,28566475
54,213,28566559
2,76,28567280
200,63,28624347
210,195,28630773
250,269,28635889
177,9,28639290
43,11,28642686
178,161,28644652
250,37,28649680
166,126,28710297
117,213,28715378
226,135,28724511
132,156,28728934
126,246,28733860
210,281,28734523
2,95,28740915
212,137,28794120
212,34,28794120
212,155,28794120
104,177,28806724
213,147,28817501
243,197,28819145
75,94,28826030
128,94,28837136
226,117,29016927
66,2,29058943
42,44,29062764
108,29,29063014
64,108,29064493
8,105,29070134
118,263,29072223
214,14,29076885
186,264,29157810
25,164,29160083
222,54,29162911
141,158,29165233
14,168,29165595
103,25,29167750
206,197,29180840
213,118,29233351
139,213,29238153
113,143,29239532
132,266,29240873
132,268,29240873
132,108,29240873
132,131,29241462
132,72,29241462
132,126,29241462
132,179,29241462
132,193,29241462
132,54,29241462
132,171,29241462
132,11,29242590
132,212,29242783
121,278,29245532
14,208,29245840
118,271,29319924
209,25,29322700
222,157,29334698
29,236,29405441
56,275,29409360
177,182,29410051
119,177,29428840
86,152,29667833
280,187,29670977
280,48,29670977
29,244,29679129
98,155,29681137
210,37,29753145
118,51,29757377
98,17,29767984
25,28,29772971
180,217,29788258
130,112,29835518
99,222,29843162
221,211,29846710
271,213,29850672
261,87,29858877
45,35,29860001
9,37,29861694
64,177,29921544
213,63,29923516
35,153,29924224
250,33,29928427
264,213,29930234
274,198,29931309
187,151,29941269
222,261,29941886
222,115,29941886
25,261,29945993
56,246,29946795
235,58,30017924
250,247,30024384
250,147,30024384
253,9,30029405
210,175,30045990
117,225,30052568
33,251,30270657
25,157,30286246
34,145,30360059
158,70,30369216
233,261,30371479
227,247,30373981
204,46,30442362
253,3,30443914
253,55,30443914
126,60,30445723
143,4,30448733
180,213,30449320
106,119,30467204
35,208,30468905
46,127,30469092
171,191,30476898
58,45,30531479
195,176,30532033
31,56,30536271
35,113,30536496
101,58,30537139
185,261,30543476
119,261,30551672
35,54,30556841
210,232,30616122
210,7,30616122
210,191,30616122
210,68,30616122
35,18,30641342
35,157,30641825
214,149,30798648
236,246,30873827
55,199,30877001
25,179,30888531
263,81,30896606
278,197,30903361
278,210,30903361
149,171,30904452
82,20,30958556
37,115,30964305
261,74,30966176
272,109,30973192
189,146,30980520
143,81,31008457
240,17,31043881
261,251,31044790
261,214,31044790
261,147,31044790
130,70,31050184
35,162,31055998
117,271,31056562
33,67,31058235
264,227,31060696
33,98,31061664
143,157,31065351
237,242,31068986
51,210,31129605
51,270,31129605
51,55,31129605
35,169,31132677
160,112,31146654
222,18,31152173
251,54,31155782
251,230,31155782
251,18,31155782
218,155,31157790
222,7,31160193
214,70,31214620
214,67,31214620
214,232,31214620
35,268,31214699
35,190,31214699
8,139,31219583
272,124,31223845
35,242,31223869
272,180,31223870
63,14,31229332
210,23,31230653
219,70,31234378
213,246,31244163
248,274,31479113
189,17,31482715
236,272,31484131
79,272,31484849
57,272,31494351
261,110,31495247
261,175,31495247
261,98,31495247
261,145,31495247
261,230,31495247
261,215,31495247
261,194,31495247
261,252,31495247
261,155,31495247
261,245,31495247
261,184,31495247
261,44,31495247
261,159,31495247
261,95,31495247
261,238,31495247
261,212,31495929
261,72,31495929
27,272,31567673
273,240,31569631
238,267,31573016
238,13,31573016
238,162,31573016
238,127,31574089
238,32,31574123
263,233,31576810
250,32,31577961
250,87,31577961
250,74,31577961
199,272,31578098
242,80,31581033
280,176,31582047
50,272,31582938
122,9,31584789
176,272,31653731
281,274,31662467
35,7,31662651
128,106,31665355
52,278,31669832
222,178,31733516
273,213,31737776
135,197,31741509
272,15,31744138
38,29,31750153
178,180,31751178
147,130,31760437
16,198,31760444
251,130,31760644
237,130,31760960
147,133,31764033
244,272,31765227
29,275,31831804
29,17,31841057
149,102,31846997
277,209,31861362
35,119,32084781
35,108,32084781
35,83,32084781
35,73,32084781
35,233,32084781
35,249,32084781
35,246,32084781
236,174,32086277
174,244,32087404
233,238,32087609
65,262,32099329
132,215,32100989
108,86,32101366
31,143,32101992
209,143,32107733
159,2,32177812
55,214,32184434
35,41,32193908
95,226,32269472
178,242,32269527
206,58,32270121
170,146,32271385
183,187,32281732
110,33,32337976
176,210,32355834
176,17,32357788
171,162,32359149
235,37,32362474
238,191,32365246
238,44,32365246
238,218,32365246
238,175,32365246
210,217,32429708
85,234,32431034
176,4,32432690
8,161,32432816
20,40,32433345
35,127,32436799
263,192,32442311
70,170,32458511
250,76,32620674
102,198,32635077
35,263,32769209
159,63,32771121
58,155,32795133
2,102,32799099
214,237,32801671
8,123,32857071
213,21,32857604
236,278,32867230
94,44,32868567
100,4,32871264
237,149,32872006
150,2,32877747
197,147,32882785
197,180,32882785
197,230,32882785
197,242,32882785
197,54,32882785
27,15,32888448
27,205,32891249
27,195,32891249
27,79,32891249
27,236,32891249
68,254,32951496
249,7,32954114
177,268,32954709
249,224,32957681
68,197,32960145
25,16,32962077
17,45,33008089
251,211,33028658
263,31,33042766
260,112,33050467
46,74,33196107
177,239,33295837
126,272,33300266
246,70,33316617
41,246,33376813
56,220,33380011
43,82,33391409
204,202,33392089
102,143,33393911
85,40,33408685
106,98,33409152
221,23,33476051
14,55,33477931
94,175,33481982
250,17,33487132
108,101,33554388
218,95,33554966
108,213,33555594
8,227,33556942
2,276,33573113
33,243,33632762
43,246,33652944
222,81,33658262
36,261,33663151
250,36,33835399
127,100,33902218
161,273,33906229
144,82,33921972
171,17,33953662
271,86,33985523
15,21,33990276
242,112,33991853
108,162,33993041
185,34,33999023
15,163,34000028
9,198,34014286
108,242,34073392
99,55,34077465
162,222,34082644
222,127,34082931
222,76,34084185
263,273,34091173
152,67,34092500
261,128,34094936
6,281,34249477
6,176,34249477
3,80,34500462
64,233,34501648
268,119,34602769
97,70,34645493
230,254,34669623
238,100,34703341
108,17,34771643
253,23,34774832
214,135,34844299
108,62,34854464
185,128,34863291
6,79,34863704
155,198,35205639
185,191,35284959
280,104,35296273
280,55,35296378
0,51,35382295
0,63,35382761
281,79,35383148
230,2,35384831
154,37,35392625
101,14,35460887
68,23,35572300
38,155,35709438
230,263,35730599
15,246,35734667
32,46,35847685
9,217,35890000
211,32,36067090
128,135,36080283
38,246,36315596
187,67,36333349
150,63,36404661
218,191,36416475
108,251,36421415
38,180,36493003
206,82,36515825
206,157,36515867
172,211,36566611
211,263,36575584
123,206,36575821
164,86,36575985
191,155,36577584
119,72,36578344
2,233,36585706
14,210,36588552
100,233,36590498
63,13,36593351
187,113,36594260
201,86,36597326
275,228,36654386
52,187,36673713
52,6,36674076
25,190,36680003
251,45,36755351
19,153,36919372
276,251,36921491
276,147,36921491
221,63,36922054
14,235,36934515
15,23,36937955
44,23,36939838
147,45,36945981
17,199,36947874
17,66,36947874
17,270,36947875
106,254,36952481
251,186,36954136
245,128,37006254
210,263,37014122
137,2,37015198
190,23,37019394
108,190,37020336
147,186,37021217
99,274,37021459
170,254,37022892
76,108,37026601
279,56,37028915
279,233,37028915
279,263,37028915
153,23,37035178
127,254,37093143
56,254,37094990
100,65,37096752
123,11,37096779
123,265,37096779
123,178,37096779
156,23,37103593
159,268,37105157
86,62,37174794
203,58,37189001
164,52,37197017
69,190,37200172
245,135,37209211
29,136,37262646
80,211,37265122
258,120,37290128
258,31,37290128
258,125,37290128
258,115,37290128
258,273,37290128
258,211,37290128
258,180,37290128
177,163,37795693
263,0,38127864
216,120,38130975
79,117,38131636
79,86,38131636
79,205,38131636
171,38,38132409
119,217,38136187
263,245,38147289
63,207,38148537
263,41,38150313
263,155,38152784
204,218,38155220
153,81,38218911
177,190,38220746
58,225,38226315
68,52,38246232
78,263,38309156
208,246,38312221
190,254,38314586
25,37,38315497
149,23,38316550
254,268,38321278
247,232,38324629
128,226,38324969
9,264,38386755
9,11,38386755
9,181,38386755
9,161,38386755
9,157,38386755
9,186,38386755
163,178,38391631
192,13,38391692
249,38,38392822
127,261,38395276
155,23,38400386
22,254,38403865
185,32,38408049
100,135,38410352
261,2,38473426
249,142,38483150
281,199,38485231
127,245,38487063
263,23,38489637
264,273,38492681
263,139,38501489
70,197,38593979
92,149,38735445
268,19,38743949
67,35,38747532
251,119,38748728
67,251,38754688
171,235,38755712
13,105,38819660
216,55,38826885
216,104,38827028
70,63,38827538
25,271,38827995
100,261,38828012
100,175,38828012
225,228,38830066
171,258,38837644
51,257,38848436
75,261,38874048
259,52,38905364
43,157,38914569
87,215,38914653
263,150,38928349
64,52,38997362
63,5,39003655
225,263,39005213
68,158,39006360
76,137,39008510
127,217,39011694
177,37,39018245
2,186,39035219
11,251,39080435
81,125,39085968
37,19,39087024
25,70,39100176
189,30,39355438
23,81,39356439
80,14,39358890
251,40,39366163
2,212,39380629
203,144,39422660
78,273,39438787
108,209,39441180
108,150,39441217
261,226,39446146
25,197,39447592
98,108,39457101
29,25,39514176
56,177,39514538
216,177,39515224
237,197,39525298
126,231,39530159
281,236,39543123
169,237,39544869
265,11,39601172
31,213,39605356
216,202,39610325
263,51,39613339
2,198,39619867
198,202,39621927
226,27,39644824
191,98,39684070
242,202,39690495
67,260,39693641
127,19,39694430
233,251,39701354
142,24,39704569
226,171,39716581
127,44,39945855
32,226,39954417
9,2,39966951
82,227,39969951
98,81,39976669
226,44,39996847
89,78,40031263
272,202,40036451
14,191,40038311
257,110,40039084
161,2,40040228
87,127,40047415
119,143,40048364
277,202,40116467
233,198,40118374
208,162,40125105
71,271,40125361
71,66,40125361
71,174,40125361
71,205,40125361
23,257,40133096
25,257,40137969
261,24,40139277
98,235,40144137
98,194,40144137
104,102,40197527
263,104,40210119
263,186,40211812
98,14,40212369
272,3,40221584
98,46,40221848
272,226,40226433
168,242,40234701
98,135,40296933
19,202,40298911
256,2,40307812
37,6,40310735
149,30,40311450
117,182,40312195
108,220,40551388
180,81,40552197
263,40,40562382
261,135,40572523
68,81,40576754
52,47,40630056
52,149,40636154
54,181,40638298
54,161,40638298
176,226,40641929
210,65,40649065
236,67,40655051
279,169,40656144
8,63,40723991
213,197,40732463
254,261,40758532
260,138,40816222
36,135,40842329
142,81,40895619
233,150,40902023
110,79,40908235
117,4,40913201
38,81,40917804
261,16,40918956
261,258,40918956
261,177,40918956
98,254,40924150
9,254,41159700
170,226,41165008
263,98,41324714
263,44,41324714
166,216,41329012
86,158,41331263
261,37,41332427
55,274,41333647
238,216,41334230
278,55,41346436
94,226,41360454
126,67,41372180
216,273,41412800
272,145,41413261
216,72,41413672
216,19,41422451
170,202,41423732
229,2,41430030
127,32,41433253
134,202,41433349
125,177,41500801
153,244,41504865
179,104,41515722
89,265,41516093
98,58,41758427
243,169,41764145
87,32,41766402
44,213,41772527
44,209,41772527
25,205,41779854
86,161,41783349
86,264,41783349
86,11,41783349
86,147,41783349
86,181,41783349
86,40,41783349
86,251,41783349
86,89,41783349
86,186,41783349
86,122,41783349
86,237,41783349
86,133,41783349
86,54,41783349
86,7,41783349
41,58,41839716
32,44,41846490
196,52,41847053
225,179,41847147
58,237,41848058
14,243,41854196
14,171,41854240
9,216,41854344
14,143,41854700
14,237,41854752
14,9,41854854
14,149,41854950
14,109,41855090
211,153,41856830
211,103,41856830
124,273,41857573
265,58,41858511
279,2,41869837
171,72,41934961
222,58,41936233
124,82,41942742
58,278,41946539
25,195,41948119
2,245,41951418
222,25,41953911
222,213,42028495
99,216,42028891
78,14,42029298
52,150,42030300
230,246,42030757
222,187,42039187
222,190,42039571
222,224,42039749
222,101,42040421
222,172,42040646
63,80,42043042
126,228,42043745
206,81,42046597
14,197,42110177
119,55,42110629
130,23,42111667
23,243,42113283
124,144,42119393
209,226,42130597
247,17,42333136
222,80,42367067
25,76,42372435
25,24,42373531
261,58,42376976
216,279,42382319
216,190,42382319
58,197,42386923
249,177,42386982
52,60,42450046
254,55,42453981
198,55,42458438
281,3,42470471
124,198,42476811
17,102,42487634
106,32,42492562
63,66,42538863
214,37,42540241
271,41,42547684
63,202,42550351
35,217,42557031
202,172,42630183
210,58,42634079
100,113,42638311
52,148,42643018
2,172,42651448
263,101,42653576
236,205,42709881
58,188,42712999
98,130,42745100
57,183,42970852
281,113,42979923
182,63,42987898
63,113,42992816
63,126,42995779
247,58,42997837
263,265,42998300
29,15,43048278
27,263,43061903
63,76,43067440
63,3,43081843
69,61,43083237
147,265,43089017
15,26,43150150
207,19,43160390
100,213,43163828
233,58,43228148
169,201,43247293
108,236,43248311
186,133,43320917
51,170,43325345
51,117,43325345
51,79,43325345
51,236,43325345
51,161,43325345
51,28,43325345
108,133,43326898
108,71,43326898
171,143,43518219
147,158,43573393
155,135,43580981
14,194,43591530
194,135,43597757
194,143,43597757
26,67,43666655
158,35,43674086
135,143,43674861
126,244,43752165
25,162,43754089
263,240,43756953
263,178,43756953
67,3,43761577
261,150,43765702
264,202,43838978
107,202,43845693
23,247,43858833
92,182,43935257
77,125,44180985
254,218,44193452
254,135,44193452
203,14,44200697
6,9,44202099
63,199,44207442
235,158,44267056
56,169,44267581
209,183,44272214
37,163,44282744
199,274,44286913
246,137,44287254
169,98,44288976
87,63,44290145
19,101,44347097
247,279,44357483
263,180,44358107
263,247,44358107
203,19,44359803
98,243,44361845
118,143,44365282
121,152,44370818
30,146,44372271
142,230,44374354
159,150,44435514
246,216,44439164
250,246,44442739
132,111,44447454
198,237,44453752
83,171,44458218
263,134,44526582
82,263,44539131
246,187,44542634
246,170,44542716
246,6,44542759
30,12,44550116
100,247,44779889
134,271,44782552
78,157,44786369
213,119,44786545
37,150,44789187
82,23,44792402
246,135,44801099
216,278,44806005
23,67,44806704
42,19,44890151
42,127,44890151
149,243,44895677
108,131,44955435
25,21,44959338
213,19,44960918
119,235,44976663
97,19,45046709
121,143,45055813
103,14,45056289
129,26,45061687
244,170,45067111
22,2,45067228
51,63,45132319
98,197,45139022
119,234,45154437
14,56,69075462
58,179,69077568
19,14,69148733
19,263,69148733
19,246,69148733
263,119,69155686
263,56,69155686
263,258,69155686
258,246,69168861
269,2,69210277
263,216,69238413
142,119,69246702
250,127,69272049
120,52,69337624
