996	921	488	833	968	602	999	895	523	32	814	862	988	120	732	663	40	625	789	971	755	464	231	948	932	514	601	945	62	917	931	82	550	74	199	385	76	805	995	967	986	493	240	933	101	269	696	635	112	309	902	115	791	131	801	577	653	153	692	168	715	728	766	265	181	776	524	369	638	222	223	596	769	417	634	306	272	482	278	287	444	527	703	587	647	567	392	475	559	
975	520	952	981	621	684	319	823	843	24	470	831	853	930	244	743	934	146	819	34	347	828	904	702	745	248	264	746	70	260	516	841	851	908	232	164	91	592	761	824	929	403	867	103	144	905	873	180	808	462	606	254	807	357	758	360	140	731	251	518	494	910	246	237	481	799	169	215	498	605	659	604	177	351	603	191	794	242	507	409	423	501	737	345	436	435	365	304	337	349	
953	467	572	765	940	402	452	642	84	26	784	36	440	815	847	987	29	479	785	798	803	946	589	188	537	657	949	978	920	865	652	54	259	338	751	906	58	93	912	774	738	135	593	508	623	143	205	279	86	654	714	763	883	88	274	284	681	597	110	179	699	130	698	840	565	716	161	825	162	633	206	184	484	525	620	186	197	649	208	504	553	249	286	263	424	281	299	313	399	381	384	
2	202	547	730	854	890	907	533	989	10	616	682	816	830	884	12	395	903	926	712	14	79	252	433	453	15	500	820	874	60	387	241	239	459	709	33	95	196	293	868	449	416	552	723	834	888	310	391	697	73	124	165	160	394	837	878	307	456	172	247	521	775	655	137	142	667	809	869	469	707	648	155	838	159	253	258	173	505	178	234	747	826	198	213	218	220	598	568	529	362	448	455	570	575	292	683	353	348	
836	992	994	400	414	941	320	18	810	845	915	943	927	966	499	879	734	960	870	744	665	624	637	693	991	46	322	858	339	49	896	51	315	645	56	368	68	472	618	611	100	471	102	212	561	116	109	615	261	719	136	428	685	427	151	443	267	170	176	485	749	383	189	192	224	294	542	650	344	708	700	354	586	599	288	297	301	641	
0	859	942	969	970	983	993	961	980	3	860	9	80	797	880	958	629	790	442	780	43	45	740	47	411	418	875	972	585	619	90	298	98	706	111	848	612	489	118	119	515	531	536	134	748	850	366	167	233	510	441	283	544	211	757	318	257	328	262	829	526	377	329	330	401	595	569	651	466	457	
541	909	982	990	886	918	16	207	768	924	939	614	25	57	855	863	866	786	813	55	580	733	827	954	305	677	59	133	439	644	705	752	66	194	555	600	767	796	255	78	562	771	781	87	735	89	666	132	92	388	96	430	678	141	127	221	617	138	632	566	782	166	686	563	175	193	361	557	276	590	422	317	506	327	316	691	371	446	
911	8	539	581	724	951	959	985	273	17	204	564	640	997	27	822	957	721	42	373	710	812	938	901	125	722	378	777	356	99	426	487	643	947	463	636	783	376	148	122	770	804	123	779	849	889	152	465	325	742	182	210	546	314	370	509	451	217	285	219	359	342	268	375	622	380	671	486	548	413	382	
1	105	478	480	610	913	928	4	243	540	720	893	922	558	20	573	725	844	955	545	238	916	944	31	106	530	574	795	35	578	660	704	190	41	672	718	303	711	52	491	680	187	61	935	64	372	551	83	163	729	308	379	864	877	609	117	549	483	639	145	425	579	157	461	321	432	312	230	512	290	291	296	407	340	419	420	
977	936	583	7	69	326	447	802	856	350	669	225	445	846	37	543	661	861	962	963	773	48	374	626	842	688	50	270	556	53	554	750	150	63	476	528	839	65	438	668	835	341	67	591	675	584	85	352	300	535	104	209	658	701	108	139	872	113	158	393	406	689	149	282	397	216	171	496	201	664	331	256	431	333	495	
759	793	887	275	200	925	964	30	806	956	974	787	473	39	630	811	919	44	741	898	631	670	871	72	792	891	892	965	323	687	94	923	876	367	107	114	398	121	674	571	129	147	280	503	174	266	334	676	343	538	295	513	408	502	662	497	450	474	534	
778	5	71	75	756	788	800	973	914	11	386	613	754	897	998	81	19	404	673	817	894	22	468	821	881	346	588	38	156	460	695	302	154	628	437	245	532	852	832	77	410	434	277	421	857	454	690	183	126	694	764	128	727	271	415	214	594	226	412	646	228	229	355	772	679	335	311	324	607	
227	405	6	818	882	899	976	979	984	762	739	713	13	576	900	21	950	23	726	760	28	236	937	717	753	522	250	885	608	492	97	511	389	390	627	185	363	195	517	203	235	582	656	736	519	289	364	429	490	332	336	358	477	396	458	560	
